     0/299     0.78G    0.1226   0.02474   0.03717    0.1846        56       320   0.02114  0.003937  0.001383 0.0001698    0.1122   0.02037   0.03397
     1/299    0.893G    0.1094   0.03227   0.02836    0.1701        64       320    0.0191   0.01706  0.004321 0.0007512   0.09695    0.0244   0.02783
     2/299    0.893G   0.09569   0.03675   0.02297    0.1554       130       320    0.3918    0.1722   0.04917   0.01121    0.0808    0.0236   0.02598
     3/299    0.893G   0.07919    0.0338   0.02182    0.1348       103       320    0.7859    0.1352    0.1054   0.02457    0.0707   0.02041   0.02459
     4/299    0.895G   0.07262   0.03114   0.01924     0.123        93       320    0.8328      0.21    0.1842   0.04813   0.06052   0.01858   0.02319
     5/299    0.895G   0.06543   0.02968   0.01906    0.1142        70       320    0.8223    0.2046    0.1681    0.0507   0.05831    0.0174   0.02237
     6/299    0.895G   0.06267   0.02913   0.01939    0.1112       154       320    0.8735    0.2059    0.2261   0.08724    0.0498   0.01682   0.02229
     7/299    0.895G   0.05917   0.02728   0.01916    0.1056        69       320    0.8475    0.2428    0.2067   0.06634   0.05736   0.01594   0.02168
     8/299    0.895G   0.05728   0.02668   0.01819    0.1021        90       320    0.9254    0.2505    0.2873     0.112   0.04604   0.01542   0.02145
     9/299    0.895G   0.05383   0.02636   0.01797   0.09816        75       320    0.8906     0.223    0.2443   0.09115   0.04487    0.0148   0.02101
    10/299    0.895G   0.05217    0.0253   0.01729   0.09476        94       320    0.9288    0.2454    0.3185    0.1542   0.04355   0.01434   0.01979
    11/299    0.895G   0.05287   0.02529   0.01589   0.09406        82       320    0.5712    0.3483    0.3192    0.1271   0.04595   0.01436   0.01871
    12/299    0.895G   0.05597    0.0246   0.01501   0.09558       117       320    0.6008    0.4104    0.3718    0.1459   0.04594   0.01401   0.01703
    13/299    0.895G   0.05456   0.02347   0.01399   0.09202        50       320    0.6364    0.4289    0.4118    0.1653    0.0518   0.01349   0.01529
    14/299    0.895G   0.05397   0.02337   0.01295   0.09029        61       320    0.7068    0.4316    0.4153    0.1823   0.04724   0.01364   0.01427
    15/299    0.895G   0.05171   0.02303   0.01167   0.08642        83       320    0.7219    0.3681    0.3888    0.1852   0.04421   0.01374   0.01288
    16/299    0.895G   0.04941   0.02386   0.01093    0.0842       168       320    0.7834    0.4343    0.4443    0.2051   0.04612   0.01323   0.01197
    17/299    0.895G    0.0478   0.02358   0.01077   0.08215        90       320    0.8514     0.462    0.4939    0.2566   0.03969   0.01292   0.01057
    18/299    0.895G   0.04713   0.02285   0.01083   0.08081        98       320    0.9421    0.4277    0.5234    0.2745   0.03717   0.01281   0.01027
    19/299    0.895G   0.04762   0.02277   0.01043   0.08082        70       320    0.7973    0.4847    0.5017    0.2624   0.04006   0.01284   0.01039
    20/299    0.895G   0.05027   0.02324  0.009012   0.08252        61       320    0.8408    0.4633    0.5476    0.2932   0.04163   0.01264   0.01005
    21/299    0.895G   0.04793   0.02272  0.009749   0.08039       114       320    0.8639    0.4257    0.4795    0.2178   0.04215   0.01262   0.01036
    22/299    0.895G   0.04415   0.02168   0.00875   0.07458        73       320    0.8412    0.4692    0.5209    0.2731   0.03746   0.01252  0.009204
    23/299    0.895G   0.04288   0.02225  0.008463   0.07359        88       320    0.8949    0.4751    0.5792    0.3207   0.03979   0.01275  0.009085
    24/299    0.895G   0.04182   0.02138  0.008261   0.07147        45       320    0.9062    0.4739    0.5829    0.3122   0.04178   0.01234  0.008538
    25/299    0.895G      0.04   0.02209  0.008143   0.07023       131       320    0.9034    0.4539    0.5678    0.2896   0.03744   0.01271  0.009228
    26/299    0.895G   0.03958   0.02138  0.007617   0.06857       111       320    0.9103    0.4818    0.5961    0.3487    0.0346    0.0122  0.008319
    27/299    0.895G   0.03986   0.02167  0.007203   0.06873        77       320    0.9058    0.4991    0.6069    0.3239   0.03853   0.01211  0.007693
    28/299    0.895G   0.04123   0.02138  0.007183   0.06979       107       320    0.7814     0.577     0.599    0.3314   0.03538   0.01214  0.008774
    29/299    0.895G   0.03651   0.02071  0.006461   0.06368        83       320    0.8287    0.5519    0.5976    0.3461   0.03604   0.01204  0.008172
    30/299    0.895G   0.03659   0.02069  0.006466   0.06375        87       320    0.7209    0.5155    0.5855    0.3059   0.03605   0.01251  0.009127
    31/299    0.895G   0.03807   0.02053  0.006263   0.06487        48       320    0.8853    0.5479    0.6151    0.3314   0.03525     0.012   0.00753
    32/299    0.895G   0.03633   0.01981  0.006565   0.06271       115       320    0.8845    0.5097    0.5678    0.3132   0.03617   0.01227   0.00862
    33/299    0.895G   0.03518   0.02047  0.006456    0.0621        62       320    0.7491    0.5162    0.6133    0.3528    0.0336   0.01158  0.008285
    34/299    0.895G   0.03545   0.02046  0.005971   0.06188        86       320    0.9084    0.5683    0.6533    0.3884   0.03181   0.01158  0.006966
    35/299    0.895G   0.03393   0.01959  0.005754   0.05927        41       320    0.8859    0.5712    0.6509    0.3855   0.03453   0.01197  0.006396
    36/299    0.895G   0.03322   0.01988  0.005786   0.05889        54       320    0.6714    0.6121    0.6437    0.3878   0.03225   0.01166  0.006466
    37/299    0.895G   0.03368    0.0196  0.006149   0.05943        96       320    0.9113    0.5663    0.6494    0.3888   0.03209   0.01196  0.007064
    38/299    0.895G   0.03346   0.01954  0.006215   0.05922        61       320     0.638    0.5841    0.6353    0.3527   0.03155   0.01144  0.008245
    39/299    0.895G   0.03508   0.01987  0.005353    0.0603        84       320    0.8984    0.5833    0.6525    0.3862   0.03199   0.01147  0.006665
    40/299    0.895G   0.03323   0.01973  0.005324   0.05828       192       320    0.8792    0.5308    0.5965    0.3416   0.03186   0.01177  0.007299
    41/299    0.895G   0.03311    0.0195  0.005085    0.0577        55       320    0.5873    0.5978    0.6228    0.3496   0.03297   0.01206  0.007733
    42/299    0.895G   0.03277   0.01897  0.005264   0.05701        82       320    0.7008    0.6272    0.6659    0.3887   0.03301   0.01181  0.008258
    43/299    0.895G   0.03373   0.01989  0.004949   0.05857        76       320    0.7771    0.6427    0.6887    0.3729   0.03264   0.01121  0.005527
    44/299    0.895G    0.0331    0.0206   0.00492   0.05862       100       320    0.9049    0.6028    0.6965    0.4193    0.0305   0.01121  0.007311
    45/299    0.895G   0.03153   0.01922  0.004771   0.05552        83       320    0.8923    0.6239    0.6962    0.4503   0.03043   0.01166  0.006121
    46/299    0.895G   0.03151   0.01842  0.004347   0.05428       132       320    0.7037    0.6762    0.6815    0.4229   0.03051   0.01131  0.006289
    47/299    0.895G   0.03199   0.01949  0.003945   0.05543        88       320    0.5867    0.7569    0.6946    0.4333    0.0324   0.01145  0.005942
    48/299    0.895G   0.03245   0.01936  0.004222   0.05603        81       320    0.6766    0.6868    0.6974    0.4274   0.03073   0.01152  0.006621
    49/299    0.895G   0.03051    0.0187  0.004768   0.05398        69       320    0.8332    0.6042    0.6991    0.4134   0.03016   0.01182  0.007104
    50/299    0.895G    0.0302    0.0194   0.00432   0.05393       110       320    0.9185    0.6517     0.742    0.4438   0.03066   0.01126  0.004725
    51/299    0.895G    0.0312   0.01966  0.003742   0.05461        69       320    0.8833    0.6638    0.7195    0.4466   0.03028   0.01115  0.005147
    52/299    0.895G   0.03157   0.01898  0.004372   0.05492       146       320    0.7123    0.7979    0.7836    0.4766   0.03061   0.01136  0.005807
    53/299    0.895G   0.03094   0.01837   0.00342   0.05273        77       320    0.8951    0.6555    0.7345    0.4752   0.02956   0.01129  0.004763
    54/299    0.895G   0.02955   0.01922  0.003691   0.05246       112       320    0.7495    0.7052    0.7047    0.4211   0.03156   0.01208   0.00697
    55/299    0.895G   0.02976   0.01821  0.003655   0.05163        79       320    0.9043     0.618    0.7206    0.4443   0.02959   0.01097  0.007021
    56/299    0.895G   0.03006   0.01871  0.003883   0.05266        80       320    0.8737    0.6836    0.7818    0.4863   0.03041   0.01161  0.004979
    57/299    0.895G   0.03061   0.01949  0.003406    0.0535       120       320    0.8367    0.7011    0.7587    0.4974   0.02886   0.01127  0.006079
    58/299    0.895G   0.03003   0.01817  0.004073   0.05228        84       320    0.8111    0.6826    0.7225    0.4651   0.02946   0.01127  0.005842
    59/299    0.895G   0.03058   0.01922  0.003464   0.05326        87       320     0.921    0.6841    0.7467    0.4848   0.03056    0.0115  0.005708
    60/299    0.895G   0.02981   0.01773  0.003529   0.05108        72       320    0.7673     0.713    0.7532    0.4768   0.03016   0.01119  0.004932
    61/299    0.895G   0.02916   0.01807  0.003472    0.0507        63       320    0.8512    0.6708    0.7428    0.4715   0.03054   0.01137  0.005504
    62/299    0.895G   0.02861   0.01874  0.002982   0.05033        81       320    0.7967    0.7186    0.7746    0.5016   0.02831   0.01137  0.004413
    63/299    0.895G   0.02913    0.0186  0.002819   0.05055        91       320    0.8296    0.7685    0.8119    0.5134   0.02998   0.01171  0.004293
    64/299    0.895G   0.02866   0.01811  0.003008   0.04978        76       320    0.7847    0.6934    0.7459    0.4473   0.02965    0.0116  0.005125
    65/299    0.895G   0.02936   0.01778   0.00339   0.05054        81       320    0.8564     0.726      0.79    0.5065   0.02945   0.01143  0.004407
    66/299    0.895G    0.0297   0.01881   0.00299    0.0515        66       320    0.8823    0.6973    0.7643    0.5023    0.0285   0.01108  0.004855
    67/299    0.895G   0.02821   0.01793  0.003317   0.04946       145       320    0.7632    0.7188    0.7464    0.4829   0.02916   0.01132  0.004854
    68/299    0.895G   0.02906    0.0186  0.003216   0.05088        82       320    0.8352    0.5495    0.6645    0.3997   0.02895   0.01138  0.008523
    69/299    0.895G   0.02863   0.01816  0.002849   0.04964       100       320    0.9596     0.667    0.7462    0.4798   0.02848   0.01111  0.004743
    70/299    0.895G   0.02958   0.01813  0.003078   0.05079        61       320    0.8686    0.6591    0.7555    0.4725     0.029   0.01132  0.005084
    71/299    0.895G   0.02896   0.01725  0.002982    0.0492        58       320    0.9198    0.6375     0.753    0.4733   0.02926   0.01116  0.005621
    72/299    0.895G   0.02872   0.01834  0.003207   0.05027        61       320    0.8822    0.6749    0.7517     0.474   0.02836   0.01104  0.004905
    73/299    0.895G   0.02794   0.01764  0.002953   0.04854       153       320    0.8302    0.7465    0.7917     0.496   0.02951   0.01124  0.004174
    74/299    0.895G   0.02877   0.01695  0.002729   0.04846       101       320    0.8345     0.694    0.7457    0.4882   0.02886   0.01092   0.00484
    75/299    0.895G   0.02806   0.01814  0.002613   0.04882       106       320     0.811    0.6982    0.7461    0.4888   0.02952   0.01123  0.004727
    76/299    0.895G    0.0294   0.01691  0.002662   0.04897        63       320    0.8695    0.7053    0.7599    0.4941   0.02934   0.01128  0.004533
    77/299    0.895G   0.02805   0.01806  0.002853   0.04897        85       320    0.8838    0.6936    0.7672    0.5004   0.02854    0.0111  0.004928
    78/299    0.895G   0.02752   0.01795  0.002692   0.04816        91       320    0.7861    0.7334    0.7789     0.489   0.02844   0.01097  0.005047
    79/299    0.895G   0.02697   0.01715  0.002572   0.04669        50       320    0.7993     0.766     0.791    0.4926   0.02933   0.01096  0.004682
    80/299    0.895G   0.02815   0.01809  0.002601   0.04883        66       320    0.8684    0.7143    0.7839    0.4971    0.0286   0.01108  0.004926
    81/299    0.895G   0.02768   0.01769   0.00248   0.04786        99       320     0.932    0.7265    0.7943    0.5212   0.02841   0.01101  0.004357
    82/299    0.895G   0.02713   0.01785  0.002316    0.0473       104       320    0.8666    0.7357    0.7695    0.5154   0.02842     0.011  0.004681
    83/299    0.895G   0.02784   0.01671  0.002399   0.04694        71       320    0.9232    0.6569    0.7427    0.5015   0.02832   0.01118  0.004617
    84/299    0.895G   0.02671   0.01732  0.002783   0.04682       124       320    0.7901    0.7316    0.7367    0.4695   0.02851   0.01095  0.005271
    85/299    0.895G   0.02663    0.0179  0.002628   0.04716       101       320    0.9291    0.6823     0.764    0.4999   0.02834   0.01133  0.004713
    86/299    0.895G   0.02714   0.01756  0.002736   0.04744        86       320    0.9338    0.6326    0.7387    0.4808   0.02831   0.01134  0.005287
    87/299    0.895G   0.02741   0.01708  0.002768   0.04726        74       320     0.905    0.7001    0.8047    0.4993   0.02787     0.011  0.004559
    88/299    0.895G   0.02517   0.01662  0.002402    0.0442        84       320    0.8179    0.6802    0.7416    0.4768   0.02808   0.01112  0.004395
    89/299    0.895G   0.02784   0.01771  0.002582   0.04814        90       320    0.8698    0.6831    0.7437     0.477   0.02756   0.01097  0.005316
    90/299    0.895G   0.02598   0.01801  0.002429   0.04642        62       320    0.9834    0.6741     0.802    0.5312    0.0273   0.01114  0.003764
    91/299    0.895G   0.02629   0.01758  0.002312   0.04618        69       320    0.8274    0.7636    0.8191    0.5354    0.0275   0.01092  0.003483
    92/299    0.895G   0.02577   0.01736  0.002505   0.04564        58       320    0.8061    0.6828     0.715    0.4405    0.0281   0.01122  0.006001
    93/299    0.895G   0.02554   0.01715  0.002401   0.04509        56       320    0.9375    0.6887    0.7685    0.4846     0.028   0.01116  0.005122
    94/299    0.895G   0.02464   0.01611  0.002688   0.04344       115       320     0.887     0.733    0.7928    0.5194   0.02756   0.01102  0.004813
    95/299    0.895G   0.02736   0.01753   0.00248   0.04738        67       320    0.8717    0.7344     0.806    0.5323   0.02733   0.01092  0.004616
    96/299    0.895G   0.02688   0.01661  0.002449   0.04594       103       320    0.9004    0.6908    0.7787     0.509   0.02766   0.01104  0.004884
    97/299    0.895G    0.0258   0.01751  0.002048   0.04535        60       320    0.9577    0.6667    0.7892    0.5154   0.02782   0.01093  0.004175
    98/299    0.895G   0.02534   0.01641  0.002163   0.04391        57       320     0.942    0.7107    0.7788    0.5135   0.02823   0.01143  0.003965
    99/299    0.895G   0.02675    0.0171  0.002304   0.04616        82       320     0.935    0.7144    0.7858    0.5114   0.02777   0.01096  0.003758
   100/299    0.895G   0.02615   0.01713  0.002346   0.04563        86       320    0.9412    0.6795    0.7628    0.4996   0.02759   0.01091  0.004481
   101/299    0.895G   0.02636   0.01696  0.002123   0.04545        90       320    0.9144    0.7118    0.8173    0.5267   0.02852   0.01125  0.003396
   102/299    0.895G   0.02533   0.01716  0.002086   0.04457        68       320    0.8841    0.7727    0.7931    0.5204   0.02755   0.01105  0.003709
   103/299    0.895G   0.02613   0.01682  0.001953    0.0449        92       320    0.9377    0.6503    0.7869    0.5077    0.0283   0.01121  0.003826
   104/299    0.895G   0.02613   0.01651   0.00214   0.04478        95       320    0.9446    0.6838    0.7708    0.5041   0.02801   0.01122  0.003848
   105/299    0.895G   0.02531   0.01667  0.002304   0.04429        83       320    0.9311    0.7028    0.7751    0.5073   0.02722   0.01117  0.004049
   106/299    0.895G   0.02534   0.01732  0.001738    0.0444        97       320    0.9311     0.671    0.7836    0.5173   0.02774   0.01115  0.004225
   107/299    0.895G   0.02453    0.0163  0.002009   0.04283        70       320     0.909    0.6805    0.7772    0.5048   0.02826   0.01157  0.004592
   108/299    0.895G   0.02611   0.01634  0.002344   0.04479        74       320    0.8691    0.7332    0.7865    0.5146   0.02733   0.01102  0.003873
   109/299    0.895G   0.02513   0.01723  0.001893   0.04426        75       320    0.9624    0.7056    0.8021    0.5224   0.02747   0.01089  0.003782
   110/299    0.895G   0.02434   0.01655  0.001837   0.04273        92       320    0.9178    0.7424    0.8001    0.5225   0.02738   0.01098  0.003515
   111/299    0.895G   0.02552   0.01614  0.002016   0.04369       109       320    0.9636     0.708    0.7804    0.5113    0.0283   0.01113  0.003621
   112/299    0.895G   0.02492   0.01693  0.002137   0.04398        77       320    0.8874    0.6975    0.7923    0.5097   0.02844   0.01085  0.003781
   113/299    0.895G   0.02576   0.01779  0.001972   0.04553       111       320    0.9367    0.7285    0.7869    0.5133   0.02834   0.01106  0.004154
   114/299    0.895G   0.02431    0.0163  0.001921   0.04253        99       320    0.8353    0.7399    0.7953    0.5097   0.02757   0.01109   0.00401
   115/299    0.895G   0.02449   0.01645  0.001712   0.04265       181       320    0.9567    0.6618    0.7615    0.4909   0.02756   0.01115  0.004673
   116/299    0.895G     0.025   0.01495  0.001884   0.04183        70       320    0.9748    0.6615     0.755    0.4867   0.02811   0.01114  0.005183
   117/299    0.895G   0.02304   0.01546  0.001767   0.04027       104       320    0.9125    0.7358    0.7901    0.5021    0.0278   0.01111  0.003488
   118/299    0.895G   0.02496    0.0161  0.001602   0.04266        59       320    0.9557    0.7279     0.799    0.5157   0.02767   0.01113  0.003614
   119/299    0.895G   0.02425   0.01597  0.001879    0.0421        55       320    0.9174    0.6511    0.7735    0.5003   0.02715   0.01109  0.003722
   120/299    0.895G    0.0236   0.01548  0.001861   0.04094        64       320    0.9092    0.6964     0.777    0.4881   0.02714   0.01115  0.004354
   121/299    0.895G   0.02357   0.01575  0.001674   0.04099        57       320    0.9095    0.7191    0.7697    0.4937   0.02747   0.01135  0.004111
   122/299    0.895G   0.02362   0.01611   0.00177    0.0415        98       320    0.9339    0.7119    0.7946     0.508   0.02721   0.01107  0.003598
   123/299    0.895G   0.02349   0.01568  0.001654   0.04082       139       320    0.9261    0.7168    0.7987    0.5066   0.02706     0.011  0.003532
   124/299    0.895G   0.02442    0.0163  0.001873   0.04259        76       320      0.93    0.6731    0.7896    0.5061    0.0274   0.01115  0.003617
   125/299    0.895G    0.0242   0.01651  0.001809   0.04252        71       320     0.908    0.6734    0.7621    0.4795   0.02687   0.01094  0.004181
   126/299    0.895G   0.02296   0.01589  0.001913   0.04076        68       320     0.921    0.6853    0.7741    0.5047   0.02716   0.01106  0.003861
   127/299    0.895G   0.02238   0.01547  0.001623   0.03947        63       320    0.8874    0.6439    0.7685    0.5027    0.0267   0.01104  0.004185
   128/299    0.895G   0.02437   0.01616  0.001593   0.04213       126       320    0.9412    0.6217    0.7565    0.4943   0.02675   0.01114  0.004176
   129/299    0.895G   0.02387   0.01568  0.001788   0.04134        67       320    0.8085     0.708    0.7648    0.4989   0.02792   0.01138  0.003998
   130/299    0.895G   0.02263   0.01528  0.001763   0.03967        48       320    0.9363    0.6539    0.7534    0.4875   0.02772   0.01112  0.003964
   131/299    0.895G   0.02342   0.01609  0.001675   0.04118        43       320    0.8657    0.7146    0.7898    0.5083    0.0269   0.01074  0.003719
   132/299    0.895G    0.0231   0.01592  0.001844   0.04086        45       320    0.8557    0.7146    0.7842    0.5192   0.02672   0.01064   0.00389
   133/299    0.895G   0.02451   0.01674  0.001802   0.04305        81       320    0.8042    0.7092     0.776    0.4928   0.02709   0.01112  0.004404
   134/299    0.895G    0.0231   0.01544  0.001664   0.04021        90       320    0.8966    0.7076    0.7869    0.4976   0.02743    0.0113  0.004892
   135/299    0.895G   0.02402   0.01653  0.001477   0.04202       118       320    0.8098    0.7102     0.763    0.4947   0.02712   0.01113  0.004584
   136/299    0.895G   0.02351   0.01584  0.001715   0.04107        79       320    0.8713    0.7173    0.8069      0.53   0.02745   0.01119  0.003927
   137/299    0.895G   0.02354   0.01585  0.001614     0.041        82       320    0.8397    0.7278    0.7831     0.512   0.02691     0.011  0.003664
   138/299    0.895G   0.02299   0.01529  0.001667   0.03995        92       320    0.8702    0.6943    0.7769    0.5027   0.02708    0.0114   0.00386
   139/299    0.895G   0.02297   0.01552  0.001579   0.04007       107       320    0.8757    0.7107    0.7696    0.5005   0.02715   0.01121  0.003762
   140/299    0.895G   0.02317   0.01539  0.001426   0.03999        98       320    0.8598    0.6516    0.7426    0.4861   0.02667   0.01121  0.004764
   141/299    0.895G   0.02273   0.01565  0.001594   0.03997        79       320    0.9157    0.6485    0.7674    0.5009   0.02691   0.01099  0.004518
   142/299    0.895G   0.02195   0.01511  0.001394   0.03846        90       320    0.8585    0.7261    0.7602    0.4935   0.02697    0.0112   0.00453
   143/299    0.895G   0.02349   0.01491  0.001486   0.03988        89       320    0.8836     0.745    0.8018    0.5209   0.02674   0.01119   0.00369
   144/299    0.895G   0.02223   0.01516  0.001514    0.0389        88       320    0.8132     0.714     0.794    0.5163   0.02687   0.01114  0.004324
   145/299    0.895G   0.02239   0.01565   0.00143   0.03947       128       320    0.9453    0.7121    0.8192    0.5249   0.02648   0.01114  0.003497
   146/299    0.895G   0.02201   0.01507  0.001444   0.03852        93       320    0.8146    0.7794    0.8159    0.5187   0.02659    0.0114  0.003628
   147/299    0.895G   0.02208   0.01479  0.001373   0.03824        72       320    0.8445    0.7538    0.8038    0.5328   0.02681   0.01112  0.003381
   148/299    0.895G   0.02151   0.01562  0.001259   0.03839       114       320    0.9047    0.7256    0.7729    0.5002   0.02656   0.01078  0.004786
   149/299    0.895G   0.02245   0.01603  0.001497   0.03997       140       320    0.9306    0.6697     0.763    0.4963   0.02679   0.01135   0.00424
   150/299    0.895G   0.02222    0.0153   0.00164   0.03916        59       320    0.8739    0.7303    0.7834    0.5145   0.02722   0.01103  0.003855
   151/299    0.895G   0.02206   0.01507  0.001286   0.03841        84       320    0.9522    0.6552    0.7836    0.5022    0.0272   0.01099  0.004272
   152/299    0.895G   0.02245   0.01479  0.001381   0.03861        64       320    0.8781    0.7109    0.7702    0.4958   0.02686   0.01119  0.004276
   153/299    0.895G   0.02227   0.01448  0.001304   0.03805        30       320    0.8644    0.7052    0.7823     0.509     0.027   0.01106  0.004017
   154/299    0.895G   0.02185   0.01484  0.001376   0.03807        68       320    0.8067    0.7563    0.7794    0.5119   0.02747   0.01095  0.004463
   155/299    0.895G   0.02182   0.01399  0.001356   0.03717        61       320    0.8631    0.6551    0.7554    0.4831   0.02716   0.01107  0.004609
   156/299    0.895G     0.022   0.01518  0.001315    0.0385        55       320    0.8579    0.6536    0.7395    0.4779   0.02693   0.01102  0.004567
   157/299    0.895G   0.02189   0.01522  0.001479   0.03859        54       320    0.8636     0.699     0.787    0.5164   0.02646   0.01084  0.004015
   158/299    0.895G   0.02149   0.01546  0.001668   0.03862       111       320    0.7911    0.7807    0.7784    0.5125   0.02644   0.01097  0.004298
   159/299    0.895G   0.02142   0.01488    0.0015    0.0378        69       320    0.7907    0.7742    0.7867    0.5182   0.02663   0.01108  0.004488
   160/299    0.895G   0.02175   0.01532  0.001327   0.03839       114       320    0.9203    0.6855     0.806    0.5181   0.02617   0.01095   0.00406
   161/299    0.895G   0.02147    0.0142  0.001271   0.03694        69       320    0.8322    0.7608    0.7971    0.5115   0.02675   0.01121  0.004174
   162/299    0.895G   0.02152   0.01473  0.001194   0.03744        71       320    0.9398     0.678    0.7896    0.5083    0.0267   0.01116  0.004037
   163/299    0.895G   0.02127    0.0149  0.001305   0.03748        70       320    0.8435     0.745    0.7816    0.5137   0.02633   0.01104  0.004094
   164/299    0.895G   0.02159   0.01493   0.00128    0.0378        79       320    0.8334    0.7022    0.7582    0.4914   0.02682   0.01122  0.004863
   165/299    0.895G   0.02162   0.01456  0.001398   0.03758        50       320    0.8332    0.7228    0.7857    0.5195    0.0264   0.01105  0.004457
   166/299    0.895G   0.02128   0.01574  0.001501   0.03853       109       320    0.9052    0.6853    0.7717    0.4869    0.0267   0.01101  0.005165
   167/299    0.895G   0.02121   0.01486  0.001245   0.03732        98       320    0.8334    0.7793    0.7929    0.5169   0.02682   0.01115  0.004185
   168/299    0.895G   0.02168   0.01443  0.001204   0.03732        87       320    0.8517    0.7701    0.7932    0.5108   0.02666   0.01122   0.00402
   169/299    0.895G   0.02157   0.01545  0.001488   0.03851        66       320    0.8501    0.7636     0.796    0.5206   0.02667   0.01117  0.003837
   170/299    0.895G   0.02162   0.01441  0.001243   0.03727        81       320     0.919    0.7483    0.8037    0.5151   0.02687    0.0113  0.003814
   171/299    0.895G    0.0214   0.01471  0.001341   0.03745        49       320    0.9098    0.6908      0.78    0.5043   0.02734   0.01157   0.00442
   172/299    0.895G   0.02123    0.0144  0.001405   0.03704        58       320    0.7547    0.7146    0.7334    0.4797   0.02711   0.01158  0.005036
   173/299    0.895G   0.02072   0.01479  0.001248   0.03676       130       320    0.8486    0.7065    0.7648    0.4915   0.02704   0.01147  0.004399
   174/299    0.895G   0.02128   0.01466  0.001295   0.03724        52       320    0.9248    0.6882    0.7741    0.5115    0.0274   0.01126  0.003964
   175/299    0.895G   0.02132   0.01465  0.001288   0.03725        55       320    0.9318    0.6722    0.7804    0.5143   0.02722   0.01113  0.003957
   176/299    0.895G   0.02045    0.0152  0.001167   0.03682        44       320    0.8093    0.7794    0.7898    0.5187   0.02665   0.01091  0.004055
   177/299    0.895G   0.02098   0.01485   0.00118   0.03701        81       320     0.916     0.696    0.7763    0.5105   0.02712   0.01125   0.00414
   178/299    0.895G   0.02057   0.01414  0.001314   0.03603        59       320    0.8492    0.7522    0.7813    0.5048   0.02732   0.01137   0.00451
   179/299    0.895G    0.0208    0.0151  0.001303   0.03721        73       320    0.8603    0.7384     0.783    0.5144   0.02682   0.01098  0.004768
   180/299    0.895G   0.02061    0.0142  0.001192     0.036        53       320    0.8505    0.7463     0.782    0.5247   0.02677    0.0111  0.004646
   181/299    0.895G   0.02064   0.01437  0.001251   0.03627        31       320    0.9282    0.6334    0.7358    0.4497   0.02704   0.01151   0.00761
   182/299    0.895G   0.02054   0.01371  0.001056   0.03531        74       320     0.926    0.6524    0.7742    0.4923   0.02721   0.01122  0.006264
   183/299    0.895G    0.0202    0.0145  0.001196    0.0359        50       320     0.938    0.6789    0.7842    0.4935   0.02726   0.01129  0.004981
   184/299    0.895G   0.01977     0.014  0.001045   0.03481        88       320    0.8258    0.7593    0.7859    0.5004   0.02762    0.0115  0.004592
   185/299    0.895G   0.02008   0.01491  0.001175   0.03617       120       320    0.9061    0.7052    0.7828    0.4953   0.02715   0.01119  0.004426
   186/299    0.895G    0.0199   0.01452  0.001066   0.03548        93       320    0.8574    0.7595    0.7858    0.4983   0.02717   0.01125  0.004267
   187/299    0.895G   0.01992   0.01475  0.001058   0.03572        99       320    0.8884    0.7211    0.7876    0.5107   0.02659   0.01103  0.004157
   188/299    0.895G   0.02049   0.01433  0.001204   0.03602        98       320    0.9335    0.7416    0.7874    0.5128   0.02672   0.01124  0.004126
   189/299    0.895G   0.02021   0.01403  0.001194   0.03543        94       320    0.7769    0.7855     0.774    0.4981   0.02675   0.01134  0.004247
   190/299    0.895G    0.0193   0.01344 0.0009323   0.03367       108       320    0.9071    0.6525    0.7446    0.4754   0.02677    0.0114  0.004535
   191/299    0.895G   0.01997   0.01444  0.001096   0.03551        48       320    0.9671    0.6782    0.7661    0.4947   0.02657    0.0114  0.004193
   192/299    0.895G   0.02026   0.01439  0.001139   0.03579        91       320     0.873    0.6777    0.7663    0.5038   0.02675   0.01137  0.004381
   193/299    0.895G   0.02005   0.01371  0.001072   0.03484        47       320    0.8985    0.6774    0.7614    0.4967   0.02675   0.01143  0.004462
   194/299    0.895G   0.01911   0.01361   0.00107   0.03379        88       320    0.9245     0.653    0.7509    0.4932   0.02631   0.01123  0.004765
   195/299    0.895G    0.0199   0.01437 0.0009896   0.03526        90       320    0.9579    0.6791    0.7677    0.4889   0.02662   0.01126  0.004438
   196/299    0.895G   0.01944   0.01401  0.001006   0.03446        71       320    0.8726    0.6961    0.7593    0.4841   0.02651   0.01117  0.004618
   197/299    0.895G   0.02035   0.01421  0.001002   0.03556        52       320    0.9412    0.6314    0.7501    0.4729   0.02637   0.01102  0.004796
   198/299    0.895G   0.01939   0.01347 0.0008924   0.03375        75       320     0.807    0.7489    0.7582    0.4878   0.02623   0.01113  0.004411
   199/299    0.895G   0.01991   0.01435   0.00114    0.0354       126       320     0.818    0.7464    0.7672    0.5013   0.02611   0.01104  0.004223
   200/299    0.895G    0.0198   0.01418  0.001193   0.03517       100       320    0.8957    0.6957    0.7687       0.5   0.02591   0.01109  0.004485
   201/299    0.895G    0.0198   0.01476  0.001245   0.03581       144       320    0.9806    0.6599    0.7828    0.5033   0.02633   0.01108  0.004277
   202/299    0.895G    0.0192   0.01355  0.001196   0.03395       139       320    0.8617    0.6561    0.7432    0.4813   0.02669   0.01129  0.004918
   203/299    0.895G   0.01953   0.01407  0.001086   0.03468        64       320    0.8046    0.7337    0.7566    0.4919   0.02626   0.01124  0.004396
   204/299    0.895G    0.0191   0.01346 0.0008439    0.0334       169       320    0.7744    0.7379    0.7538    0.4879   0.02656   0.01135  0.004486
   205/299    0.895G   0.01926   0.01379 0.0009931   0.03404        51       320    0.8736    0.7157    0.7632    0.4946   0.02664   0.01137  0.004366
   206/299    0.895G   0.01891   0.01311 0.0008986   0.03292        63       320    0.8412    0.7211    0.7797    0.5071   0.02629   0.01111  0.004321
   207/299    0.895G   0.01908   0.01354 0.0009184   0.03354        55       320    0.8425    0.7225    0.7625    0.4947   0.02666   0.01106  0.004558
   208/299    0.895G   0.01927   0.01411 0.0009412   0.03431        47       320    0.7563     0.786    0.7684    0.4977   0.02643   0.01115  0.004501
   209/299    0.895G   0.01901   0.01341 0.0009895   0.03341        47       320    0.8333    0.6776    0.7555    0.4918   0.02623   0.01119  0.004628
   210/299    0.895G   0.01941   0.01358  0.001043   0.03403        95       320    0.8037     0.767    0.7779    0.4985   0.02669    0.0115  0.004213
   211/299    0.895G   0.01893   0.01346  0.001117   0.03351        55       320    0.8021    0.8013    0.7799    0.4999   0.02662   0.01137  0.004608
   212/299    0.895G   0.01925   0.01372  0.001086   0.03405       127       320    0.8344    0.7542    0.7624    0.4873   0.02648   0.01142  0.004684
   213/299    0.895G   0.01894   0.01343  0.001093   0.03347        68       320    0.7798     0.786     0.772    0.4899   0.02669   0.01149  0.004482
   214/299    0.895G   0.01843   0.01355 0.0009356   0.03291       115       320    0.8379     0.741    0.7725    0.4929   0.02694   0.01138  0.004538
   215/299    0.895G   0.01909   0.01399 0.0009566   0.03404       121       320    0.8798    0.7502    0.7909     0.512   0.02688   0.01144  0.003936
   216/299    0.895G   0.01877   0.01452 0.0009455   0.03424        74       320    0.8756    0.7503    0.7879    0.5156   0.02668   0.01133  0.003854
   217/299    0.895G   0.01824   0.01307  0.001041   0.03235        95       320    0.8946    0.7581    0.7846    0.5094   0.02672   0.01143  0.004221
   218/299    0.895G   0.01835   0.01381 0.0009513   0.03311        74       320    0.8789    0.7533    0.7924    0.5122   0.02679   0.01123  0.004161
   219/299    0.895G   0.01812    0.0136 0.0009888   0.03271        74       320    0.9042    0.7212    0.7816    0.5188   0.02663   0.01105   0.00466
   220/299    0.895G   0.01837   0.01322 0.0008633   0.03246        47       320    0.8553     0.779    0.7901    0.5139   0.02714   0.01125  0.004562
   221/299    0.895G    0.0188   0.01399   0.00095   0.03374        99       320    0.9246    0.7684    0.7946    0.5122   0.02706    0.0114  0.003801
   222/299    0.895G   0.01829   0.01301 0.0009111   0.03221        95       320    0.8819     0.749    0.7813     0.511    0.0269   0.01142  0.004204
   223/299    0.895G    0.0183   0.01344 0.0009497   0.03268        61       320    0.8757     0.753    0.7919    0.5103    0.0267   0.01112  0.004098
   224/299    0.895G   0.01868   0.01305  0.001116   0.03284        55       320    0.8855    0.7712    0.7975    0.5239    0.0267    0.0112  0.004346
   225/299    0.895G   0.01865   0.01363  0.001029   0.03331        96       320    0.9146    0.7679    0.7996    0.5087   0.02663   0.01131  0.004465
   226/299    0.895G   0.01867   0.01385 0.0009046   0.03343        69       320    0.8987    0.7446    0.7807    0.4844   0.02666   0.01131  0.005465
   227/299    0.895G    0.0185   0.01379 0.0008749   0.03316        99       320    0.8392    0.7412    0.7616    0.4815   0.02697   0.01141  0.005391
   228/299    0.895G   0.01885   0.01418 0.0009602   0.03399       127       320    0.8129    0.7331    0.7483    0.4691    0.0267   0.01135  0.005788
   229/299    0.895G   0.01812   0.01341 0.0008954   0.03242        65       320     0.809    0.6865    0.7354    0.4589   0.02675   0.01148  0.005911
   230/299    0.895G   0.01849   0.01364  0.001083   0.03321        73       320    0.8546    0.6971    0.7424    0.4632    0.0267   0.01152  0.006145
   231/299    0.895G   0.01874   0.01395 0.0009454   0.03363       148       320    0.8043    0.7596    0.7595    0.4769   0.02681   0.01144  0.006026
   232/299    0.895G   0.01808   0.01381 0.0007584   0.03265       100       320    0.7233    0.7992      0.76    0.4781   0.02691   0.01123  0.005906
   233/299    0.895G   0.01811   0.01277  0.001007   0.03189        75       320    0.9237    0.7334    0.7861    0.5009   0.02685   0.01142  0.004755
   234/299    0.895G   0.01793   0.01287 0.0008019    0.0316        56       320    0.8276    0.7856    0.7843    0.5046   0.02717   0.01174  0.004671
   235/299    0.895G   0.01825   0.01344 0.0009152   0.03261        42       320     0.899    0.7505    0.7877    0.5051   0.02677   0.01148  0.004835
   236/299    0.895G   0.01844   0.01336  0.001017   0.03282       103       320    0.7158    0.7926    0.7468    0.4687   0.02733   0.01162  0.005392
   237/299    0.895G   0.01792   0.01298 0.0008528   0.03175        62       320    0.7666    0.7794    0.7579    0.4782   0.02727   0.01178  0.004998
   238/299    0.895G   0.01801   0.01324 0.0009121   0.03216        70       320     0.815    0.7727    0.7758    0.4831   0.02714   0.01163   0.00445
   239/299    0.895G   0.01806   0.01329 0.0008929   0.03225       211       320    0.7773     0.776    0.7547    0.4722   0.02723   0.01165  0.004948
   240/299    0.895G   0.01854   0.01347 0.0009475   0.03296        74       320    0.8672    0.6529    0.7416    0.4597   0.02719   0.01169  0.005715
   241/299    0.895G     0.018   0.01258 0.0009505   0.03153        58       320    0.7728    0.7856    0.7751    0.4889   0.02725   0.01175  0.004681
   242/299    0.895G   0.01773   0.01282 0.0008781   0.03143        56       320    0.8106    0.7368    0.7511    0.4851   0.02744   0.01174    0.0046
   243/299    0.895G   0.01772   0.01321  0.000763   0.03169        63       320    0.8843    0.6964    0.7587    0.4829   0.02695   0.01159  0.004617
   244/299    0.895G   0.01811   0.01318 0.0008604   0.03214       138       320     0.924    0.7197    0.7762    0.4892   0.02706   0.01164  0.004527
   245/299    0.895G   0.01766   0.01275  0.000868   0.03128        68       320    0.9203    0.7291    0.7688    0.4859   0.02731   0.01183  0.004294
   246/299    0.895G   0.01824   0.01292  0.000939    0.0321        73       320    0.9176    0.6696    0.7427     0.462   0.02724   0.01205  0.004736
   247/299    0.895G   0.01762   0.01349 0.0008406   0.03195        69       320    0.8932    0.6838    0.7533    0.4712     0.027   0.01187  0.005111
   248/299    0.895G   0.01775     0.013  0.001202   0.03194       100       320    0.7698    0.7952    0.7761    0.4885   0.02745    0.0119  0.004632
   249/299    0.895G   0.01791   0.01308 0.0009029    0.0319       129       320    0.8505    0.7603    0.7818    0.4971   0.02741   0.01164  0.004266
   250/299    0.895G   0.01755   0.01319 0.0008817   0.03162        59       320     0.829    0.7372    0.7759    0.5008   0.02704   0.01142   0.00466
   251/299    0.895G   0.01768   0.01267 0.0009318   0.03128        59       320    0.9136    0.6895    0.7528    0.4825    0.0269   0.01154  0.004838
   252/299    0.895G   0.01729   0.01261 0.0008369   0.03074        75       320    0.8812    0.6865    0.7564    0.4874   0.02712   0.01166  0.004579
   253/299    0.895G   0.01705    0.0121 0.0008262   0.02997        86       320    0.7838    0.7566    0.7639    0.4775   0.02716   0.01166  0.004983
   254/299    0.895G   0.01738   0.01317 0.0008056   0.03135        84       320    0.9064     0.736    0.7694    0.4879   0.02686    0.0117   0.00526
   255/299    0.895G    0.0181   0.01339 0.0009131   0.03241       209       320    0.9095     0.726    0.7694    0.4805   0.02699   0.01178  0.005228
   256/299    0.895G   0.01749   0.01324 0.0008008   0.03152       110       320    0.9661    0.6313    0.7462    0.4743   0.02712   0.01181  0.005203
   257/299    0.895G   0.01734   0.01264 0.0008073   0.03079        84       320    0.8481    0.7351    0.7604    0.4925   0.02704   0.01178  0.004578
   258/299    0.895G    0.0177   0.01329  0.000846   0.03184        78       320    0.9292    0.7272    0.7801    0.5046   0.02692   0.01169  0.004386
   259/299    0.895G   0.01767    0.0134  0.000753   0.03183        85       320    0.7564    0.7852    0.7634    0.4845   0.02701    0.0118  0.004431
   260/299    0.895G   0.01753   0.01287   0.00087   0.03126        63       320    0.7863    0.7358     0.757    0.4813    0.0272   0.01181  0.005064
   261/299    0.895G    0.0171   0.01246 0.0006933   0.03026        90       320    0.8435      0.67    0.7414    0.4789   0.02721   0.01164  0.005149
   262/299    0.895G   0.01714   0.01276 0.0007996    0.0307        79       320    0.8496    0.6681    0.7551    0.4758   0.02713    0.0116  0.004899
   263/299    0.895G   0.01727   0.01269 0.0007475   0.03071        94       320    0.8401    0.6801    0.7513    0.4769    0.0272   0.01175  0.004918
   264/299    0.895G   0.01732   0.01268 0.0008189   0.03082        73       320    0.8867    0.6546     0.761    0.4876   0.02709   0.01167  0.004697
   265/299    0.895G    0.0174   0.01276 0.0008206   0.03098        88       320     0.836    0.7474    0.7711    0.4943   0.02688   0.01156  0.004503
   266/299    0.895G   0.01749   0.01281 0.0007827   0.03108        76       320    0.8368    0.7374     0.774    0.4914   0.02683   0.01168  0.004536
   267/299    0.895G   0.01762   0.01319 0.0008595   0.03167        49       320    0.8271    0.6911     0.749    0.4726   0.02706   0.01174  0.004715
   268/299    0.895G   0.01822   0.01359 0.0008696   0.03267        55       320    0.8508    0.7362    0.7648    0.4791   0.02713   0.01179  0.004604
   269/299    0.895G   0.01727   0.01317 0.0007553    0.0312        76       320    0.8435    0.7429    0.7628    0.4829   0.02724   0.01171  0.004603
   270/299    0.895G   0.01757   0.01274 0.0007429   0.03105        62       320    0.7222     0.799    0.7658    0.4711   0.02717   0.01169  0.004847
   271/299    0.895G   0.01687   0.01302 0.0007476   0.03064        87       320    0.7799    0.7531    0.7588    0.4747   0.02675   0.01155  0.004546
   272/299    0.895G    0.0175   0.01335 0.0008474    0.0317        64       320    0.8272    0.6921    0.7504    0.4685   0.02713   0.01169  0.004613
   273/299    0.895G   0.01752   0.01338 0.0008218   0.03172       111       320    0.7441    0.7977    0.7639    0.4741   0.02681    0.0116  0.004522
   274/299    0.895G   0.01704   0.01211 0.0008348   0.02998       153       320    0.8826    0.7069    0.7692    0.4886   0.02684   0.01148  0.004159
   275/299    0.895G   0.01708    0.0127 0.0007504   0.03053        96       320     0.857    0.6736    0.7547    0.4737   0.02698   0.01158  0.004564
   276/299    0.895G   0.01669   0.01244 0.0007904   0.02993        92       320    0.8967    0.6573    0.7387    0.4711   0.02695   0.01164  0.004777
   277/299    0.895G   0.01747   0.01316 0.0008223   0.03145       119       320    0.8629    0.7258    0.7618    0.4904   0.02683    0.0116  0.004549
   278/299    0.895G   0.01713   0.01262 0.0006674   0.03042        86       320    0.9179     0.684    0.7537    0.4738   0.02676   0.01156  0.004713
   279/299    0.895G   0.01737   0.01296 0.0007199   0.03105       108       320    0.9106     0.691    0.7531    0.4705    0.0267   0.01158  0.004751
   280/299    0.895G   0.01676   0.01254 0.0006484   0.02995        67       320    0.8785    0.7012    0.7554    0.4675   0.02667   0.01161  0.004645
   281/299    0.895G   0.01725   0.01259 0.0008439   0.03069        65       320    0.9281    0.6794    0.7434    0.4682     0.027   0.01177  0.004692
   282/299    0.895G   0.01721    0.0122  0.001011   0.03042        61       320    0.8076    0.7319    0.7607    0.4848   0.02695   0.01169  0.004345
   283/299    0.895G   0.01679    0.0122 0.0008368   0.02982        46       320    0.7953    0.7872    0.7648     0.477   0.02703   0.01172  0.004574
   284/299    0.895G   0.01736   0.01291 0.0009364    0.0312        56       320    0.7604    0.7524     0.754    0.4758   0.02687   0.01168  0.004974
   285/299    0.895G   0.01709   0.01317  0.000812   0.03107       103       320    0.8893    0.6538    0.7447    0.4733   0.02696   0.01186  0.005118
   286/299    0.895G   0.01722   0.01274 0.0008616   0.03083        71       320    0.8737     0.651    0.7335    0.4588   0.02705   0.01186  0.005236
   287/299    0.895G   0.01696   0.01284 0.0008235   0.03062        54       320    0.8902    0.6573    0.7452    0.4679   0.02712   0.01173  0.005024
   288/299    0.895G   0.01701   0.01246 0.0007536   0.03022        93       320    0.7652    0.7532    0.7558    0.4646   0.02715   0.01173  0.004896
   289/299    0.895G   0.01707   0.01244 0.0007306   0.03024       101       320    0.8496    0.6974     0.755    0.4609   0.02715   0.01172  0.004928
   290/299    0.895G   0.01683    0.0125 0.0008175   0.03015        53       320    0.9175    0.6895    0.7569    0.4662   0.02694   0.01172  0.004712
   291/299    0.895G   0.01693   0.01241  0.000777   0.03011       114       320    0.9448    0.6565    0.7626    0.4845   0.02691   0.01171  0.004224
   292/299    0.895G   0.01671   0.01284 0.0007737   0.03033       120       320    0.8368    0.7379    0.7737    0.4898   0.02694   0.01176   0.00421
   293/299    0.895G   0.01684   0.01265 0.0007815   0.03027        76       320    0.9315    0.6655     0.761    0.4747   0.02734   0.01192  0.004534
   294/299    0.895G   0.01668   0.01247 0.0007841   0.02994        66       320    0.9375    0.6708    0.7644    0.4795   0.02709   0.01183  0.004487
   295/299    0.895G   0.01661   0.01259 0.0007645   0.02997        73       320    0.9449    0.7013    0.7776    0.4878   0.02691   0.01183  0.004254
   296/299    0.895G   0.01695   0.01242  0.000692   0.03007        71       320    0.8527    0.7265    0.7795    0.4805   0.02708   0.01192  0.004517
   297/299    0.895G    0.0161   0.01232 0.0006408   0.02906        67       320    0.8459    0.7292    0.7608    0.4727   0.02695   0.01188   0.00449
   298/299    0.895G    0.0172   0.01287 0.0008949   0.03097        63       320    0.9033    0.6813    0.7575    0.4677   0.02687   0.01188  0.004719
   299/299    0.895G   0.01717   0.01294 0.0008379   0.03094       105       320    0.9111    0.6958    0.7562    0.4684   0.02696    0.0119  0.004988
