      0/29     2.98G   0.01332   0.02503  0.001689   0.04004        81       640    0.9397    0.8394    0.8927    0.6241   0.02252   0.03033  0.002247
      1/29     2.99G   0.01312   0.02674  0.003159   0.04303       102       640    0.9143    0.8488    0.8855    0.6118   0.02266   0.03044   0.00244
      2/29     2.99G   0.01352    0.0303   0.00244   0.04626        39       640    0.9375    0.8063    0.8761    0.6062    0.0228   0.03042  0.002463
      3/29     2.99G   0.01319   0.02673  0.001512   0.04143       112       640    0.9276    0.8088    0.8781    0.6008   0.02275   0.03033  0.002468
      4/29     2.99G    0.0143   0.03082  0.001421   0.04653        76       640     0.928    0.8084    0.8782    0.6112   0.02283   0.03002  0.002445
      5/29     2.99G   0.01364   0.02856  0.001584   0.04379        60       640    0.9409    0.8017    0.8742    0.6028   0.02295   0.03008  0.002498
      6/29     2.99G   0.01251   0.02489 0.0005865   0.03798        66       640     0.938     0.803    0.8751    0.6054   0.02281   0.02999  0.002441
      7/29     2.99G   0.01413   0.02657  0.001715   0.04242       115       640    0.9379    0.8034    0.8762      0.61   0.02302   0.02982   0.00243
      8/29     2.99G    0.0137   0.02719 0.0009946   0.04189        25       640    0.9391    0.8044    0.8764    0.6029   0.02299   0.02989   0.00241
      9/29     2.99G   0.01307   0.02321  0.001402   0.03768       107       640    0.9336    0.8072    0.8732    0.6079    0.0231   0.02987   0.00241
     10/29     2.99G   0.01417   0.02873  0.000949   0.04384        95       640    0.9373    0.8048    0.8739    0.6046   0.02312   0.02981  0.002348
     11/29     2.99G    0.0131   0.02462 0.0009416   0.03867        43       640    0.9338    0.8089    0.8733    0.5977   0.02331   0.02964  0.002342
     12/29     2.99G   0.01341   0.02454  0.001155   0.03911        86       640     0.935    0.8097    0.8781    0.6119   0.02301   0.02952   0.00236
     13/29     2.99G   0.01269   0.02246 0.0009687   0.03611        58       640    0.9461    0.8049     0.873    0.6067    0.0231   0.02945  0.002406
     14/29     2.99G   0.01414   0.02869  0.001044   0.04388        73       640    0.9436    0.8071    0.8753    0.6049   0.02337   0.02962  0.002315
     15/29     2.99G   0.01448   0.02724  0.001226   0.04295        95       640    0.9403    0.8077    0.8846    0.6064   0.02353   0.02938  0.002227
     16/29     2.99G   0.01285   0.01975 0.0009831   0.03358        46       640    0.8831    0.8478    0.8815    0.6075   0.02317   0.02922  0.002221
     17/29     2.99G   0.01291   0.02347 0.0008427   0.03723        50       640    0.8859    0.8476    0.8838    0.6039   0.02317   0.02906  0.002134
     18/29     2.99G   0.01407   0.03149 0.0009939   0.04655        67       640    0.8852    0.8481    0.8818     0.608   0.02289   0.02864  0.002145
     19/29     2.99G   0.01249   0.02548 0.0007759   0.03875        68       640    0.8865    0.8426    0.8877    0.6156   0.02285   0.02886  0.002065
     20/29     2.99G   0.01349   0.02829 0.0008774   0.04266        66       640    0.9497    0.8031    0.8873    0.6119   0.02289   0.02899  0.002016
     21/29     2.99G   0.01308   0.02619 0.0009277   0.04019        70       640    0.8783    0.8838    0.8863    0.6119   0.02311   0.02914  0.002043
     22/29     2.99G   0.01383   0.02289  0.001331   0.03805        33       640    0.8798    0.8833    0.8859    0.6037   0.02388   0.02944  0.002032
     23/29     2.99G   0.01507   0.02745 0.0009953   0.04352        59       640    0.8808    0.8847    0.8863    0.6082   0.02361    0.0295  0.002026
     24/29     2.99G    0.0142   0.02657 0.0008781   0.04164        59       640    0.8808    0.8842    0.8857     0.611   0.02314   0.02926  0.001975
     25/29     2.99G   0.01336    0.0224  0.001163   0.03693        59       640    0.8812    0.8842    0.8889    0.6163   0.02316   0.02923  0.001954
     26/29     2.99G   0.01335   0.02495 0.0005197   0.03882       133       640    0.8802    0.8838    0.8861    0.6143   0.02296   0.02919  0.001919
     27/29     2.99G   0.01388    0.0239 0.0008803   0.03865        73       640    0.8819    0.8846    0.8884    0.6146   0.02301   0.02938  0.001924
     28/29     2.99G   0.01469   0.02459 0.0007099      0.04        58       640    0.8863    0.8838    0.8875    0.6134   0.02343   0.02961  0.001898
     29/29     2.99G   0.01372   0.02419 0.0009833   0.03889        50       640    0.8838    0.8825    0.8848     0.613   0.02303   0.02957  0.001914
