     0/299      4.2G    0.1111   0.05924   0.03451    0.2048       104       640  0.001091   0.02625 0.0001462 2.132e-05    0.1002   0.03503   0.03437
     1/299     11.5G   0.09977   0.06483   0.02905    0.1936       109       640     0.015   0.02362  0.004357 0.0009422   0.08853   0.03574   0.03068
     2/299     11.5G   0.09184   0.07051   0.02364     0.186       125       640    0.3926    0.1142     0.039  0.007442   0.07606   0.03436   0.02949
     3/299     11.5G   0.08032   0.06005   0.02067     0.161        81       640    0.8046    0.1076   0.09875   0.01991   0.06746   0.02979   0.03131
     4/299     11.5G   0.07176   0.05108    0.0198    0.1426        67       640    0.8533    0.2021    0.1937   0.05876   0.06159   0.02396    0.0277
     5/299     11.5G   0.06614   0.04536   0.01848      0.13        66       640     0.814    0.1705    0.1705   0.04688   0.06434   0.02053   0.02538
     6/299     11.5G   0.06335   0.04278   0.01768    0.1238        65       640     0.898    0.2321    0.2822    0.1111   0.05264   0.01959   0.02436
     7/299     11.5G   0.06005   0.04059    0.0184     0.119        67       640    0.8669    0.2139    0.2722    0.1103   0.05393   0.01825   0.02302
     8/299     11.5G   0.05759   0.04025   0.01774    0.1156        81       640    0.5542    0.4262    0.3341    0.1273   0.05102   0.01745   0.02106
     9/299     11.5G   0.05372     0.036   0.01627     0.106        61       640     0.679    0.4572    0.3937    0.1437    0.0504   0.01674   0.02049
    10/299     11.5G   0.05327   0.03664    0.0154    0.1053       121       640    0.7465    0.4831    0.4877    0.2208   0.05235   0.01606   0.01715
    11/299     11.5G   0.05207   0.03543   0.01422    0.1017        88       640    0.6459    0.5082    0.4383     0.198   0.05373    0.0159    0.0149
    12/299     11.5G   0.04977   0.03743   0.01155   0.09875       137       640    0.8409    0.5223    0.5689    0.3004   0.04227   0.01504   0.01212
    13/299     11.5G   0.04793   0.03368   0.01086   0.09247        58       640    0.6784    0.5258    0.4404     0.181   0.05119   0.01473   0.01056
    14/299     11.5G   0.04643    0.0329  0.008939   0.08827        50       640     0.869    0.5228    0.5842    0.2234   0.04808   0.01432  0.008984
    15/299     11.5G   0.04545   0.03363  0.008399   0.08748       177       640    0.8914    0.5316    0.5937    0.3253   0.03918   0.01416  0.008177
    16/299     11.5G   0.04309   0.03329  0.008249   0.08463        50       640    0.7444    0.5182    0.5485    0.2912   0.04068     0.014  0.009784
    17/299     11.5G   0.04306   0.03105  0.007641   0.08175        75       640    0.7991    0.4936    0.5536    0.2912   0.04105   0.01432   0.01013
    18/299     11.5G   0.04126   0.03176  0.007757   0.08078        84       640    0.8794     0.526    0.5916    0.3212    0.0404   0.01352   0.00854
    19/299     11.5G   0.04143   0.03022  0.007346     0.079        57       640    0.9146    0.5412      0.62    0.3322   0.03793   0.01361  0.006971
    20/299     11.5G   0.04066   0.03093  0.007347   0.07894        70       640    0.8821    0.5154    0.5888    0.3599    0.0335   0.01289  0.007617
    21/299     11.5G   0.03871   0.02919   0.00719   0.07509        71       640    0.8852    0.5095      0.62    0.3719   0.03371   0.01285  0.007456
    22/299     11.5G   0.04171   0.02984  0.006413   0.07796        74       640    0.7102     0.425    0.4404    0.2183   0.04885   0.01524   0.00738
    23/299     11.5G   0.04933   0.03465  0.007615    0.0916        66       640    0.8252     0.458    0.5687      0.28   0.04313   0.01356  0.006311
    24/299     11.5G   0.04784   0.03063  0.006529     0.085        50       640    0.8449    0.4767    0.5802    0.2827   0.04214   0.01353    0.0063
    25/299     11.5G   0.04526   0.03024  0.007071   0.08257        71       640    0.8131    0.5324    0.6219    0.3344   0.03994   0.01309  0.006289
    26/299     11.5G   0.04444   0.03141  0.006613   0.08246       115       640    0.9021    0.5607    0.6591    0.3838   0.03849   0.01298  0.005811
    27/299     11.5G   0.04419   0.03049  0.006418    0.0811        71       640    0.8821    0.4958    0.6357    0.3324   0.04185   0.01288  0.006789
    28/299     11.5G   0.04328   0.02967  0.006636   0.07959        52       640    0.5341    0.7171    0.6749    0.4117    0.0366   0.01253  0.006175
    29/299     11.5G   0.04144   0.02981  0.006753     0.078        59       640    0.5626    0.6734    0.6639     0.385   0.03676   0.01262  0.005778
    30/299     11.5G   0.04083   0.02969  0.005606   0.07612        87       640    0.4978    0.6973    0.6307     0.348    0.0381   0.01338   0.01207
    31/299     11.5G   0.04025   0.02997  0.006103   0.07633        49       640    0.4836    0.8692    0.6976    0.4138   0.03434   0.01267  0.005948
    32/299     11.5G   0.03767   0.02922   0.00567   0.07256        39       640    0.6384    0.6939    0.6325    0.3476   0.03644   0.01268  0.006254
    33/299     11.5G   0.03808   0.02956  0.005658    0.0733       106       640    0.6451    0.7277    0.7119    0.4053   0.03434   0.01225  0.005534
    34/299     11.5G   0.03859    0.0286  0.005666   0.07286       125       640    0.5782    0.6734    0.6513    0.3521   0.03781   0.01303   0.01006
    35/299     11.5G   0.04139   0.03015  0.005441   0.07698       131       640    0.8835    0.7058    0.7491    0.3781   0.03757   0.01328  0.007388
    36/299     11.5G   0.03976   0.02918  0.005342   0.07427       107       640    0.8465    0.7612    0.8103    0.4659   0.03364   0.01281  0.006301
    37/299     11.5G   0.03801   0.02792  0.005233   0.07116        91       640    0.8122    0.8203    0.8389    0.4832   0.03473   0.01255  0.004671
    38/299     11.5G   0.03619   0.02622  0.004535   0.06695        68       640    0.8991    0.7961    0.8488    0.4655   0.03367   0.01243   0.00444
    39/299     11.5G   0.03391   0.02627  0.004224   0.06441        67       640    0.8677     0.778    0.8048    0.4441   0.03303   0.01259  0.003817
    40/299     11.5G   0.03567   0.02881  0.004178   0.06866        69       640    0.9294    0.8292    0.8566    0.5128   0.03185   0.01246  0.004116
    41/299     11.5G   0.03534   0.02849  0.003969    0.0678        71       640    0.9324    0.7105    0.7809    0.4819   0.03247   0.01243  0.005809
    42/299     11.5G   0.03579    0.0289  0.003987   0.06868       120       640    0.8812    0.6853    0.7871    0.4827      0.03   0.01267  0.007244
    43/299     11.5G   0.03131   0.02537     0.004   0.06068        72       640    0.8884    0.7945    0.8682    0.5358   0.03171   0.01281  0.004119
    44/299     11.5G   0.03361   0.02723  0.003978   0.06481        55       640    0.9196    0.7808     0.862    0.4988   0.03194   0.01291  0.004543
    45/299     11.5G   0.03191   0.02677  0.003603   0.06229        71       640    0.8853    0.7832    0.8274    0.5479   0.02948   0.01219  0.005381
    46/299     11.5G   0.03118   0.02566  0.003457    0.0603       112       640    0.7902    0.8243    0.8164    0.4902   0.03004   0.01296  0.003898
    47/299     11.5G   0.03131   0.02695  0.003289   0.06155        78       640    0.9192    0.7674    0.8684    0.5517   0.03042    0.0128  0.003044
    48/299     11.5G   0.03104   0.02729    0.0033   0.06163       102       640     0.888    0.7505     0.831     0.531   0.03208   0.01292  0.004396
    49/299     11.5G   0.03178    0.0263  0.002851   0.06092        99       640    0.8528    0.7823    0.8299    0.4963   0.03032   0.01266  0.003081
    50/299     11.5G   0.02952    0.0264  0.002792   0.05872        91       640    0.8089    0.7542    0.7896     0.501   0.03008   0.01321  0.003523
    51/299     11.5G    0.0281   0.02507  0.002795   0.05596        45       640    0.8867    0.7489    0.8669    0.5792   0.02793   0.01212   0.00262
    52/299     11.5G    0.0285   0.02725  0.002551   0.05831        83       640    0.8387    0.8188    0.8314    0.5556   0.02671    0.0121  0.002532
    53/299     11.5G   0.02934   0.02559  0.002503   0.05743        40       640    0.9166    0.8102    0.8781    0.5513   0.03015   0.01239  0.002574
    54/299     11.5G   0.02862   0.02622  0.002447   0.05729       192       640    0.8689     0.868    0.8877    0.5534   0.03083   0.01237  0.002346
    55/299     11.5G   0.02934   0.02441  0.002198   0.05595        68       640    0.8917    0.7847    0.8434     0.541   0.02888   0.01316  0.002646
    56/299     11.5G   0.02726   0.02447  0.002404   0.05413        58       640    0.8443    0.8358    0.8708    0.5812   0.02803   0.01331  0.002679
    57/299     11.5G   0.02848   0.02574  0.002581    0.0568        54       640    0.9377    0.7992    0.8655    0.5663   0.02938   0.01234  0.002655
    58/299     11.5G   0.02831   0.02626  0.002279   0.05685        97       640    0.9354    0.8347    0.8814    0.5652   0.02703   0.01241  0.002308
    59/299     11.5G   0.02684   0.02407  0.002366   0.05328        71       640    0.9726    0.7157     0.851    0.5554   0.02692   0.01227  0.002996
    60/299     11.5G   0.02689    0.0249  0.001854   0.05364        99       640    0.9077    0.7019    0.8358    0.5359   0.02794   0.01288  0.002639
    61/299     11.5G   0.02668   0.02501  0.002158   0.05385        71       640    0.9387    0.7452    0.8677    0.5734    0.0275   0.01267  0.002396
    62/299     11.5G   0.02652   0.02471  0.001795   0.05302        76       640    0.8997    0.8309    0.8824    0.5945   0.02747   0.01294  0.003089
    63/299     11.5G   0.02459   0.02452  0.002113   0.05123       143       640     0.911    0.8509    0.8937    0.6125   0.02682   0.01267  0.002478
    64/299     11.5G   0.02635    0.0232  0.001903   0.05145        75       640    0.9054    0.8381     0.874     0.571    0.0274    0.0127  0.002281
    65/299     11.5G   0.02483   0.02275  0.001839   0.04942        97       640     0.873    0.8612    0.8981    0.5891    0.0262   0.01219   0.00238
    66/299     11.5G   0.02472   0.02418  0.001548   0.05044        37       640    0.8849     0.845    0.8833    0.5948    0.0283   0.01203  0.002182
    67/299     11.5G   0.02547   0.02241  0.001797   0.04967        53       640    0.9526    0.7677    0.8586    0.5589   0.02795   0.01267  0.002804
    68/299     11.5G   0.02395    0.0228  0.001617   0.04836        83       640    0.9244    0.8073    0.8877    0.5764   0.02664   0.01259  0.002044
    69/299     11.5G   0.02619    0.0227  0.001986   0.05088        43       640    0.9243    0.8306    0.8766     0.595    0.0274   0.01279   0.00213
    70/299     11.5G   0.02537    0.0232  0.001816   0.05038        64       640    0.8574    0.8227    0.8709    0.5796    0.0263     0.013  0.005134
    71/299     11.5G    0.0244   0.02238  0.001499   0.04827        77       640    0.9464    0.8281    0.8845    0.5911   0.02701   0.01309  0.001964
    72/299     11.5G   0.02535   0.02307  0.001604   0.05002        68       640    0.9741     0.813    0.8925    0.5882   0.02735   0.01315  0.002164
    73/299     11.5G   0.02379   0.02296  0.001689   0.04844        67       640    0.8918    0.8082    0.8584    0.5718   0.02594   0.01255  0.002153
    74/299     11.5G   0.02544   0.02446  0.001509   0.05141       140       640    0.8227     0.836    0.8406    0.5578   0.02509   0.01246   0.00225
    75/299     11.5G   0.02323   0.02254  0.001443   0.04721        94       640    0.8388    0.8148    0.8573    0.5522   0.02623   0.01293  0.002409
    76/299     11.5G   0.02281   0.02124  0.001367   0.04542        81       640    0.8686    0.8324    0.8581    0.5663   0.02579   0.01299  0.002095
    77/299     11.5G    0.0236   0.02229  0.001542   0.04743        61       640    0.7773    0.7954    0.8348    0.5554   0.02608   0.01349  0.002631
    78/299     11.5G   0.02395   0.02276  0.001479   0.04819        85       640    0.8572    0.7847    0.8459     0.556   0.02623   0.01294  0.002346
    79/299     11.5G   0.02294   0.02161  0.001441   0.04599       110       640    0.8179    0.7979    0.8384     0.541   0.02599   0.01336  0.003472
    80/299     11.5G   0.02253     0.021  0.001586   0.04512        87       640    0.9508    0.7574    0.8617    0.5591   0.02587   0.01265  0.002592
    81/299     11.5G   0.02288   0.02271  0.001497    0.0471        62       640    0.9138    0.7489    0.8198    0.5568   0.02609   0.01277   0.00293
    82/299     11.5G   0.02289   0.02167  0.001481   0.04605        67       640    0.9056    0.7571    0.8168    0.5595   0.02497    0.0127  0.003499
    83/299     11.5G   0.02209   0.02186   0.00146   0.04541        92       640    0.8763    0.7767    0.8282    0.5597     0.026   0.01271  0.002298
    84/299     11.5G   0.02134    0.0211  0.001494   0.04394        51       640    0.8941    0.7639    0.8513    0.5804   0.02568   0.01241  0.002449
    85/299     11.5G   0.02311   0.02243   0.00138   0.04691        95       640    0.8806     0.786    0.8505    0.5624   0.02572   0.01247  0.003382
    86/299     11.5G    0.0229   0.02175  0.001387   0.04604        74       640     0.875    0.8481     0.869    0.5875   0.02563   0.01294  0.002226
    87/299     11.5G   0.02144   0.02106  0.001139   0.04363        82       640    0.9505    0.7997    0.8787    0.5919   0.02556    0.0134  0.002685
    88/299     11.5G   0.02195    0.0218   0.00137   0.04513        57       640    0.8814    0.7978    0.8707    0.5818   0.02633    0.0131  0.004389
    89/299     11.5G   0.02198   0.02175  0.001175    0.0449        90       640    0.9123    0.7952    0.8589     0.581   0.02603   0.01292  0.002475
    90/299     11.5G   0.02192   0.02123  0.001359    0.0445        80       640    0.9489    0.7626     0.871    0.5963   0.02582   0.01222  0.003645
    91/299     11.5G   0.02246   0.02154  0.001385   0.04538        92       640    0.9276    0.7935    0.8502    0.5925   0.02543   0.01282  0.004772
    92/299     11.5G   0.02172   0.02206  0.001512   0.04529       114       640    0.9304    0.7847    0.8678    0.5803   0.02582   0.01321  0.004472
    93/299     11.5G    0.0208   0.02128   0.00138   0.04347        87       640    0.9354    0.7932    0.8552      0.58   0.02655   0.01342  0.002566
    94/299     11.5G   0.02031   0.02026  0.001326   0.04189        89       640    0.8703    0.7817    0.8388    0.5508   0.02644   0.01337  0.002531
    95/299     11.5G   0.02167   0.02179  0.001281   0.04474        69       640    0.9095    0.7633     0.857    0.5889   0.02622   0.01391  0.002601
    96/299     11.5G   0.02142    0.0198  0.001238   0.04246        65       640    0.8337    0.8532    0.8681     0.602   0.02602     0.013  0.002187
    97/299     11.5G   0.02042   0.01983  0.001167   0.04141       101       640    0.8799    0.7595    0.8136    0.5447   0.02573   0.01329  0.002704
    98/299     11.5G   0.02154   0.02144  0.001301   0.04428        77       640    0.8889    0.7357    0.8283    0.5605   0.02581   0.01342  0.003773
    99/299     11.5G    0.0215   0.02102  0.001272   0.04379       109       640     0.779    0.8296    0.8451    0.5547   0.02598   0.01311  0.003973
   100/299     11.5G   0.02012   0.02005  0.001159   0.04133        56       640    0.9235    0.8123    0.8704    0.5776   0.02576   0.01318  0.002747
   101/299     11.5G   0.01981   0.01944  0.001213   0.04047       110       640     0.914    0.8151    0.8845    0.6084   0.02576   0.01374  0.002362
   102/299     11.5G   0.02106   0.02078  0.001109   0.04295       106       640     0.902    0.8219    0.8784    0.5965   0.02673   0.01376  0.002729
   103/299     11.5G   0.02089   0.02056  0.001164   0.04261       127       640    0.9038    0.7692    0.8568    0.5734   0.02627   0.01259  0.003238
   104/299     11.5G   0.02074   0.02082  0.001104   0.04267        88       640    0.9238    0.7859    0.8355    0.5651   0.02494   0.01399  0.002411
   105/299     11.5G   0.02097    0.0201  0.001125    0.0422        74       640    0.9679    0.7605    0.8413    0.5648   0.02547   0.01379  0.002612
   106/299     11.5G   0.01964   0.01849  0.001184   0.03931        75       640    0.9662    0.7577    0.8369    0.5596   0.02509   0.01322  0.002869
   107/299     11.5G   0.01976      0.02  0.001071   0.04083        61       640    0.9124    0.7471    0.8277    0.5402   0.02626    0.0138  0.002813
   108/299     11.5G   0.02013   0.01977  0.001193    0.0411       107       640    0.9728    0.7808    0.8673    0.5758   0.02551   0.01312  0.002108
   109/299     11.5G   0.02046   0.02114   0.00109   0.04269       109       640    0.8423    0.8543    0.8466    0.5547   0.02472   0.01297  0.002298
   110/299     11.5G   0.02003   0.01975   0.00111   0.04089        94       640    0.9712    0.7172    0.8294    0.5554    0.0256   0.01367  0.003392
   111/299     11.5G   0.01928    0.0195  0.001253   0.04003       161       640    0.9489    0.7198    0.8375    0.5567   0.02504   0.01395  0.002547
   112/299     11.5G   0.01981   0.01976  0.000977   0.04055        93       640    0.9221    0.7771    0.8295    0.5461   0.02637   0.01314  0.003575
   113/299     11.5G   0.01902   0.01865  0.001245   0.03892        89       640    0.8911    0.7952    0.8498    0.5589   0.02618   0.01397  0.002263
   114/299     11.5G   0.01977    0.0191  0.001066   0.03994        94       640    0.8747    0.8015    0.8566    0.5565   0.02614   0.01386  0.002305
   115/299     11.5G   0.01855   0.01967  0.001057   0.03928       169       640    0.7425    0.8587    0.8258    0.5483   0.02606   0.01378  0.002576
   116/299     11.5G   0.01869   0.01881  0.001048   0.03854        59       640    0.8175    0.8216    0.8525    0.5548   0.02645   0.01358  0.002613
   117/299     11.5G   0.01849   0.01833 0.0009845   0.03781        95       640    0.9387    0.7987    0.8849    0.5749    0.0252   0.01369  0.002257
   118/299     11.5G   0.01822   0.01841  0.001076   0.03771        61       640    0.9528    0.7987    0.8808    0.5918   0.02587   0.01386  0.001973
   119/299     11.5G   0.01839   0.01873  0.001115   0.03823        73       640    0.9217    0.8385    0.8771    0.5994   0.02467   0.01333  0.002218
   120/299     11.5G   0.01831   0.01844  0.001113   0.03786       103       640    0.9673    0.8005    0.8668    0.5772   0.02573   0.01349  0.002042
   121/299     11.5G   0.01893   0.01884  0.001068   0.03883        77       640    0.9736    0.8243    0.8846    0.5982   0.02516   0.01344  0.001773
   122/299     11.5G   0.01795   0.01768 0.0008643   0.03649       105       640    0.9308    0.8029    0.8765    0.5961   0.02613   0.01357  0.002307
   123/299     11.5G   0.01797   0.01879  0.000962   0.03772        69       640    0.8914    0.7446    0.8354      0.57   0.02611   0.01428  0.002125
   124/299     11.5G   0.01857   0.01845 0.0009612   0.03798       142       640     0.799    0.8838    0.8745    0.6004   0.02594    0.0141  0.001996
   125/299     11.5G    0.0183   0.01729 0.0009642   0.03655        61       640     0.969    0.7438    0.8773    0.5891   0.02638   0.01363  0.001769
   126/299     11.5G   0.01785   0.01932 0.0009775   0.03815        72       640    0.9369    0.7327    0.8328    0.5549    0.0262   0.01443  0.002031
   127/299     11.5G   0.01745   0.01774  0.001016    0.0362       175       640    0.9661    0.7608    0.8625     0.604   0.02564   0.01412  0.001761
   128/299     11.5G   0.01719   0.01881 0.0009342   0.03694        64       640    0.8369    0.8534    0.8568    0.5802   0.02564    0.0137  0.002006
   129/299     11.5G   0.01828    0.0187  0.000946   0.03793        59       640    0.8828    0.7556    0.8379    0.5704   0.02572   0.01423  0.001924
   130/299     11.5G   0.01819   0.01866   0.00119   0.03804       141       640    0.8397    0.8117    0.8359    0.5643   0.02621   0.01421  0.001951
   131/299     11.5G   0.01715    0.0181 0.0009699   0.03623        67       640    0.8218    0.8028    0.8252    0.5687    0.0253   0.01429  0.002012
   132/299     11.5G   0.01682   0.01795 0.0009642   0.03574       132       640    0.9605    0.7476    0.8256    0.5689    0.0255   0.01467  0.001898
   133/299     11.5G   0.01837   0.01753   0.00103   0.03694       107       640    0.9562     0.716    0.8091    0.5497   0.02652   0.01508  0.001959
   134/299     11.5G   0.01783   0.01725 0.0009699   0.03605        74       640      0.87    0.7488    0.8079    0.5522   0.02659   0.01427  0.002333
   135/299     11.5G   0.01716   0.01761 0.0008851   0.03566        86       640      0.86    0.7883    0.8476    0.5683   0.02526   0.01394  0.002279
   136/299     11.5G   0.01777   0.01791 0.0008944   0.03657        91       640    0.9147    0.8269    0.8921     0.597   0.02549   0.01318  0.001474
   137/299     11.5G   0.01826   0.01831  0.001041   0.03761        62       640    0.9021    0.7639    0.8588    0.5869   0.02652   0.01396  0.001675
   138/299     11.5G   0.01706   0.01714 0.0008945   0.03509        51       640     0.919    0.7714     0.862    0.5802   0.02577   0.01411  0.001728
   139/299     11.5G   0.01647     0.017 0.0008353   0.03431        82       640    0.8307    0.8075    0.8499    0.5737   0.02552   0.01411    0.0019
   140/299     11.5G   0.01718   0.01775 0.0008673    0.0358        57       640    0.9247    0.7528    0.8467     0.574   0.02562   0.01421   0.00203
   141/299     11.5G   0.01703   0.01812 0.0009314   0.03609        72       640    0.8803    0.8517    0.8691    0.6077   0.02482   0.01392  0.001844
   142/299     11.5G   0.01773   0.01778  0.001006   0.03651        83       640    0.8979    0.8044    0.8678     0.592   0.02491   0.01358  0.001827
   143/299     11.5G   0.01691   0.01708 0.0008273   0.03482        75       640    0.8758    0.7708    0.8545    0.5862   0.02446   0.01357  0.002037
   144/299     11.5G   0.01725   0.01819 0.0008277   0.03626        49       640    0.8838    0.7741    0.8395    0.5883   0.02467   0.01357   0.00259
   145/299     11.5G   0.01697   0.01817 0.0008455   0.03599        65       640    0.9059     0.784    0.8445    0.5812   0.02502   0.01366  0.001957
   146/299     11.5G   0.01753   0.01747 0.0009335   0.03594        64       640    0.9437    0.7876    0.8346    0.5837   0.02542   0.01365  0.001966
   147/299     11.5G   0.01671   0.01843  0.000814   0.03595        99       640    0.8235    0.8119    0.8333     0.568   0.02515   0.01418  0.002139
   148/299     11.5G   0.01657   0.01872 0.0007312   0.03602        69       640     0.901    0.7727    0.8639    0.5826   0.02561   0.01399  0.001946
   149/299     11.5G   0.01626   0.01659 0.0008643   0.03372        80       640     0.893    0.8024    0.8647    0.5868    0.0248   0.01388  0.001807
   150/299     11.5G   0.01647   0.01756 0.0008713    0.0349        89       640    0.9681    0.7593    0.8623    0.5762   0.02556   0.01435   0.00167
   151/299     11.5G    0.0171   0.01766 0.0009207   0.03568       115       640    0.9668     0.759    0.8494    0.5917   0.02467   0.01412  0.001739
   152/299     11.5G   0.01664   0.01805 0.0007639   0.03545        85       640    0.9732    0.7318    0.8375    0.5719    0.0245   0.01446   0.00206
   153/299     11.5G   0.01661   0.01734 0.0007708   0.03471        88       640    0.8745    0.8164    0.8582    0.5883   0.02468    0.0142  0.002004
   154/299     11.5G   0.01579   0.01709 0.0008325   0.03371        74       640    0.9438    0.8204    0.8909    0.6138   0.02577   0.01475   0.00287
   155/299     11.5G   0.01609   0.01708 0.0007349    0.0339        95       640    0.8498    0.8715    0.8754    0.5975   0.02581   0.01466  0.003177
   156/299     11.5G   0.01543   0.01641 0.0007372   0.03258        54       640    0.8145    0.8388     0.846    0.5741   0.02659   0.01508  0.002277
   157/299     11.5G   0.01558   0.01776 0.0007586    0.0341        85       640    0.8859    0.7838    0.8515     0.574    0.0256   0.01493   0.00222
   158/299     11.5G     0.016   0.01741 0.0008645   0.03427        90       640    0.9795    0.7319    0.8551    0.5721   0.02538   0.01438   0.00268
   159/299     11.5G   0.01513   0.01602 0.0007612   0.03191        72       640    0.9003    0.7979    0.8522    0.5913   0.02585   0.01473  0.002164
   160/299     11.5G   0.01558   0.01647 0.0007883   0.03284        78       640    0.9066    0.8203    0.8548    0.5935   0.02488    0.0151  0.001807
   161/299     11.5G   0.01538   0.01733 0.0008348   0.03354        90       640    0.8545    0.8216    0.8618    0.5862   0.02518   0.01492  0.001779
   162/299     11.5G   0.01518   0.01549 0.0008987   0.03156        61       640    0.9581    0.7783    0.8801    0.6028   0.02511   0.01496  0.001683
   163/299     11.5G   0.01615   0.01641 0.0007655   0.03332        70       640    0.8429    0.8043    0.8345    0.5669   0.02425   0.01437  0.002026
   164/299     11.5G   0.01512   0.01603 0.0007495    0.0319        94       640    0.8088    0.8521    0.8656    0.5947   0.02465   0.01444  0.001889
   165/299     11.5G   0.01463   0.01654 0.0007346   0.03191        65       640    0.9593    0.8348    0.8858    0.6043   0.02418   0.01388  0.001748
   166/299     3.32G   0.01587   0.01664 0.0007622   0.03328       104       640    0.8409    0.8212    0.8576     0.578   0.02499   0.01384  0.002298
   167/299     13.2G   0.01523   0.01617 0.0006571   0.03206       109       640    0.8675    0.7756    0.8525    0.5872   0.02446   0.01428  0.002071
   168/299     13.2G   0.01594   0.01725 0.0006322   0.03383       125       640    0.9654    0.7763     0.875    0.6033    0.0251   0.01451  0.001829
   169/299     13.2G   0.01475   0.01555 0.0006917   0.03099        81       640    0.8294    0.8686    0.8671    0.5934   0.02553   0.01534  0.002146
   170/299     13.2G   0.01514   0.01601  0.000707   0.03186        67       640    0.8742    0.8149    0.8604    0.5936    0.0253   0.01486  0.002041
   171/299     13.2G   0.01479   0.01538 0.0006306    0.0308        66       640    0.8562    0.7939    0.8582    0.5747   0.02542   0.01484  0.001866
   172/299     13.2G   0.01406   0.01549 0.0007418    0.0303        65       640    0.8148    0.8427    0.8516     0.576   0.02586   0.01506  0.002474
   173/299     13.2G   0.01474   0.01559 0.0007211   0.03105        67       640    0.9307    0.7886    0.8697    0.5827    0.0262   0.01558  0.002278
   174/299     13.2G   0.01402   0.01581 0.0006521   0.03048        81       640    0.8952    0.8325    0.8614    0.5862   0.02582   0.01558  0.001971
   175/299     13.2G    0.0144   0.01473 0.0006335   0.02976        61       640    0.8782    0.8388    0.8642    0.5874   0.02498   0.01467  0.001889
   176/299     13.2G   0.01385   0.01521 0.0008277   0.02988       121       640    0.9634    0.8026    0.8761    0.6043   0.02487   0.01502  0.001647
   177/299     13.2G   0.01393   0.01528  0.000811   0.03003        88       640    0.9615    0.8089    0.8553    0.5905   0.02546   0.01577   0.00191
   178/299     13.2G   0.01394    0.0164 0.0006327   0.03097       137       640    0.8776    0.8296    0.8599    0.5933    0.0251   0.01566  0.002579
   179/299     13.2G   0.01399   0.01509 0.0007088   0.02978        58       640    0.8901    0.8153    0.8701    0.5994   0.02491    0.0154  0.002001
   180/299     13.2G   0.01326   0.01469 0.0006411   0.02859        50       640    0.9608    0.7762    0.8552    0.5927    0.0254   0.01521  0.002064
   181/299     13.2G   0.01453   0.01578 0.0006523   0.03095       177       640    0.9749     0.759    0.8612    0.5888   0.02512    0.0151  0.002149
   182/299     13.2G   0.01422   0.01598 0.0007256   0.03093        50       640    0.9241    0.7984    0.8585    0.5937   0.02551   0.01481  0.001956
   183/299     13.2G    0.0138   0.01465 0.0006678   0.02911        75       640    0.9089    0.8089    0.8506    0.5977   0.02527   0.01558  0.002354
   184/299     13.2G   0.01341   0.01518 0.0007168    0.0293        84       640     0.859    0.8474    0.8522    0.5891   0.02537   0.01494  0.002073
   185/299     13.2G   0.01335   0.01466  0.000659   0.02866        57       640    0.8306    0.8417     0.853     0.572   0.02537    0.0152  0.002063
   186/299     13.2G   0.01403   0.01531 0.0005711   0.02991        70       640    0.9778    0.7583    0.8529    0.5853   0.02529   0.01495  0.001765
   187/299     13.2G   0.01406   0.01469 0.0006979   0.02945        71       640    0.9703    0.7737    0.8558    0.5945   0.02507   0.01501  0.001668
   188/299     13.2G   0.01313   0.01443 0.0006356    0.0282        74       640    0.9642    0.7893    0.8657    0.5919   0.02515   0.01522  0.001621
   189/299     13.2G   0.01356   0.01467 0.0007133   0.02894        66       640    0.8564    0.7924    0.8439    0.5784   0.02501   0.01542  0.001793
   190/299     13.2G   0.01333   0.01488 0.0006659   0.02888        50       640    0.9012    0.8309    0.8645    0.5917   0.02546   0.01553  0.001687
   191/299     13.2G   0.01422   0.01526 0.0006113   0.03009        71       640    0.9395     0.742    0.8404    0.5731   0.02559   0.01539   0.00189
   192/299     13.2G   0.01328   0.01547 0.0005455   0.02929       115       640    0.9791     0.724    0.8417    0.5708   0.02551    0.0154  0.001873
   193/299     13.2G   0.01349   0.01491 0.0007311   0.02913        71       640    0.9609    0.7806    0.8565    0.5934    0.0251   0.01524  0.001679
   194/299     13.2G   0.01375   0.01482 0.0006896   0.02926        52       640    0.9162    0.8327    0.8698     0.602   0.02495   0.01541  0.001444
   195/299     13.2G   0.01263   0.01459 0.0006056   0.02783        59       640    0.9042    0.8312    0.8717    0.6048   0.02482   0.01537  0.001513
   196/299     13.2G   0.01328   0.01509 0.0005685   0.02893        87       640    0.8878    0.7975    0.8593    0.5962   0.02446   0.01557  0.001794
   197/299     13.2G   0.01262    0.0149 0.0006106   0.02813        49       640    0.9593     0.742    0.8397    0.5809   0.02494   0.01535  0.001999
   198/299     13.2G   0.01298   0.01526 0.0006381   0.02888        39       640    0.9619    0.7397    0.8335    0.5899   0.02496   0.01535  0.001966
   199/299     13.2G   0.01268   0.01513 0.0006325   0.02844       106       640    0.9546    0.7514    0.8398    0.5945   0.02504   0.01519  0.002017
   200/299     13.2G   0.01253   0.01467 0.0005908   0.02779       125       640    0.9034    0.8398    0.8616    0.5914   0.02477    0.0149  0.001685
   201/299     13.2G   0.01356   0.01572 0.0006202    0.0299       131       640    0.9514    0.7897    0.8571    0.5977   0.02474   0.01531  0.001886
   202/299     13.2G   0.01236   0.01458 0.0006095   0.02755       107       640    0.9622    0.7701    0.8694    0.6008   0.02477    0.0154  0.001697
   203/299     13.2G   0.01206   0.01366 0.0006689   0.02639        91       640    0.9155    0.7912    0.8514    0.5924   0.02455   0.01492  0.001824
   204/299     13.2G   0.01203   0.01338 0.0005286   0.02593        68       640    0.9196    0.7897     0.851    0.5851   0.02548   0.01554  0.002084
   205/299     13.2G   0.01218   0.01338 0.0005114   0.02608        67       640    0.9795    0.7395    0.8441    0.5865   0.02547   0.01558  0.001964
   206/299     13.2G   0.01229   0.01463 0.0005558   0.02748        69       640    0.9225    0.7714    0.8341    0.5807   0.02545   0.01562  0.001798
   207/299     13.2G   0.01287   0.01467 0.0005876   0.02813        71       640    0.8913    0.8018    0.8349    0.5883   0.02533   0.01583  0.002386
   208/299     13.2G   0.01295   0.01534 0.0005643   0.02885       120       640    0.8729    0.7898    0.8401    0.5951   0.02489   0.01537  0.002158
   209/299     13.2G   0.01209   0.01307  0.000534   0.02569        72       640    0.9677    0.7453    0.8525    0.5912   0.02524   0.01563  0.002124
   210/299     13.2G   0.01322   0.01435 0.0005634   0.02814        55       640    0.9513    0.7443    0.8525    0.5876   0.02529   0.01598  0.002024
   211/299     13.2G    0.0129   0.01409 0.0004927   0.02748        71       640    0.9659    0.7317    0.8584    0.5999   0.02512   0.01603  0.002002
   212/299     13.2G   0.01212   0.01352 0.0005016   0.02614       112       640    0.9391    0.7428    0.8454    0.5736   0.02502    0.0159  0.002038
   213/299     13.2G   0.01222   0.01424 0.0005098   0.02697        78       640    0.8723    0.8441    0.8692    0.6077   0.02519   0.01633  0.001945
   214/299     13.2G   0.01238   0.01442  0.000612   0.02741       102       640    0.9556    0.7886    0.8752    0.6024   0.02512   0.01578  0.001819
   215/299     13.2G   0.01206   0.01369 0.0004728   0.02623        99       640    0.9544    0.7895    0.8717    0.6013   0.02518   0.01568  0.001941
   216/299     13.2G   0.01226   0.01423  0.000579   0.02707        91       640    0.9681     0.771    0.8668    0.5975   0.02557   0.01612  0.001844
   217/299     13.2G   0.01194   0.01335 0.0004575   0.02575        45       640    0.9111    0.8349    0.8764    0.6011   0.02509   0.01585  0.001755
   218/299     13.2G   0.01197   0.01441 0.0004545   0.02684        83       640    0.9542    0.8192    0.8868    0.6088   0.02499   0.01554  0.001672
   219/299     13.2G   0.01151   0.01338 0.0004815   0.02538        40       640     0.969    0.8109    0.8957    0.6202   0.02495   0.01583  0.001603
   220/299     13.2G   0.01171   0.01379 0.0005056     0.026       192       640    0.9647    0.8164    0.8853    0.6179   0.02523   0.01611  0.001547
   221/299     13.2G   0.01111   0.01287 0.0004206    0.0244        68       640    0.9603     0.823    0.8757    0.6093    0.0255   0.01673  0.001563
   222/299     13.2G   0.01135   0.01297 0.0005871   0.02491        58       640    0.8991    0.8335    0.8713    0.6012   0.02507   0.01619  0.001678
   223/299     13.2G   0.01173   0.01401 0.0005353   0.02628        54       640    0.8931    0.7995    0.8605     0.602   0.02471   0.01589   0.00182
   224/299     13.2G   0.01188   0.01434  0.000543   0.02676        97       640    0.9498     0.782    0.8708    0.6007   0.02523   0.01629  0.002484
   225/299     13.2G   0.01144   0.01327 0.0004383   0.02514        71       640    0.9574    0.7788    0.8609    0.6092   0.02528   0.01608  0.002772
   226/299     13.2G   0.01217    0.0139  0.000486   0.02656        99       640    0.9556    0.7937    0.8611    0.5992   0.02522   0.01605  0.002009
   227/299     13.2G    0.0114   0.01356  0.000547    0.0255        71       640    0.9675     0.782    0.8667    0.5986   0.02492   0.01568   0.00207
   228/299     13.2G   0.01173   0.01354 0.0004779   0.02575        76       640    0.9575    0.7806    0.8624    0.5973   0.02506   0.01627  0.001789
   229/299     13.2G   0.01193   0.01409  0.000486   0.02651       143       640    0.9073    0.8221     0.864     0.599   0.02576   0.01668  0.001724
   230/299     13.2G   0.01179    0.0127 0.0004532   0.02494        75       640    0.8836    0.8719    0.8776    0.6023   0.02519   0.01626  0.001844
   231/299     13.2G   0.01104   0.01257 0.0004672   0.02407        97       640    0.9307    0.8368    0.8834    0.6033   0.02495   0.01642  0.001783
   232/299     13.2G   0.01158   0.01346 0.0004466   0.02548        37       640     0.939     0.795    0.8555    0.5916   0.02495   0.01601  0.001776
   233/299     13.2G   0.01082    0.0122 0.0004259   0.02344        53       640    0.9286    0.8437    0.8783    0.6157   0.02476   0.01578  0.001724
   234/299     13.2G    0.0108   0.01262 0.0004045   0.02383        83       640    0.9537    0.7863    0.8733    0.6065   0.02485   0.01566   0.00191
   235/299     13.2G   0.01124   0.01254 0.0004321    0.0242        43       640      0.96    0.7859    0.8701    0.6051     0.025   0.01603  0.001921
   236/299     13.2G   0.01139   0.01289 0.0004588   0.02474        64       640    0.8528    0.8438    0.8708     0.598   0.02464   0.01557  0.001906
   237/299     13.2G   0.01076   0.01241 0.0003777   0.02355        77       640    0.8244    0.8808    0.8656    0.5981   0.02485   0.01648   0.00229
   238/299     13.2G   0.01107   0.01284 0.0004587   0.02436        68       640    0.8511    0.8825    0.8664    0.5981    0.0254    0.0166  0.002061
   239/299     13.2G   0.01179   0.01341 0.0004366   0.02563        67       640    0.8549    0.8821    0.8728    0.6029   0.02559   0.01646  0.001714
   240/299     13.2G    0.0112    0.0137 0.0004712   0.02537       140       640    0.8659    0.8787    0.8796    0.6193   0.02546    0.0163  0.001637
   241/299     13.2G    0.0105   0.01225 0.0003745   0.02312        94       640    0.9648    0.8059    0.8803     0.608   0.02549   0.01695  0.001727
   242/299     13.2G   0.01088   0.01208 0.0004147   0.02338        81       640    0.9609    0.8269    0.8784    0.6059   0.02565   0.01693  0.001577
   243/299     13.2G   0.01027   0.01237 0.0004342   0.02308        61       640    0.9451    0.8207    0.8741    0.5969    0.0256    0.0172  0.001552
   244/299     13.2G   0.01106   0.01283 0.0003896   0.02427        85       640    0.9628    0.8085    0.8734    0.6052   0.02552   0.01718   0.00161
   245/299     13.2G   0.01068   0.01204 0.0003059   0.02303       110       640    0.9609     0.778    0.8672    0.6133     0.025   0.01654  0.001656
   246/299     13.2G   0.01096   0.01201 0.0004394    0.0234        87       640    0.9021    0.8322    0.8708     0.609   0.02533   0.01673  0.001753
   247/299     13.2G   0.01043   0.01271 0.0003942   0.02353        62       640     0.909    0.8215    0.8683    0.6022   0.02559   0.01706  0.001751
   248/299     13.2G   0.01029    0.0121 0.0004487   0.02284        67       640    0.9178    0.8293    0.8678    0.6008   0.02577   0.01709  0.001882
   249/299     13.2G   0.01032   0.01245 0.0005604   0.02333        92       640    0.8427    0.8045      0.85    0.5808   0.02584   0.01703  0.002153
   250/299     13.2G   0.01075    0.0124 0.0004829   0.02363        51       640    0.9718    0.7165     0.839    0.5703   0.02588   0.01713    0.0022
   251/299     13.2G   0.01046   0.01264 0.0004172   0.02352        95       640    0.8148    0.8428    0.8477    0.5875   0.02564   0.01723  0.002213
   252/299     13.2G    0.0104   0.01222 0.0003579   0.02298        74       640    0.9364     0.798    0.8679     0.594   0.02555   0.01709  0.002151
   253/299     13.2G   0.01051   0.01188 0.0003618   0.02275        82       640    0.9303      0.84    0.8698     0.604   0.02516   0.01696  0.001934
   254/299     13.2G   0.01075   0.01243 0.0003913   0.02357        57       640    0.9408    0.8374    0.8785    0.6034   0.02547   0.01703  0.001935
   255/299     13.2G   0.01078   0.01257 0.0003637   0.02371        90       640    0.8822    0.8772     0.877    0.5988   0.02536   0.01687   0.00196
   256/299     13.2G    0.0103    0.0121 0.0003881   0.02279        80       640    0.8821     0.841    0.8711    0.6002   0.02587   0.01697  0.002102
   257/299     13.2G   0.01038   0.01243 0.0004097   0.02322        92       640    0.8955    0.8857    0.8912    0.6178   0.02597   0.01733  0.001979
   258/299     13.2G   0.01073    0.0127 0.0003217   0.02376       114       640    0.9281    0.8388    0.8873    0.6192   0.02574   0.01713  0.001896
   259/299     13.2G  0.009951   0.01202 0.0004081   0.02238        87       640    0.9373    0.8401    0.8854    0.6161   0.02551   0.01713  0.001729
   260/299     13.2G   0.01012    0.0118 0.0004103   0.02232        89       640     0.931    0.8362    0.8825    0.6073   0.02612   0.01764  0.002001
   261/299     13.2G   0.01032   0.01257 0.0004135   0.02331        69       640    0.9445    0.8375    0.8841    0.6019    0.0258   0.01733  0.002039
   262/299     13.2G   0.01034   0.01123 0.0003498   0.02192        65       640    0.9273    0.8416    0.8825     0.626   0.02568   0.01701  0.002142
   263/299     13.2G   0.01002    0.0114 0.0003378   0.02176       101       640    0.9239      0.84     0.883    0.6188   0.02546   0.01694  0.001924
   264/299     13.2G   0.01048   0.01236 0.0003901   0.02323        77       640    0.9404    0.8415    0.8863    0.6243   0.02572   0.01695  0.002605
   265/299     13.2G   0.01009   0.01189 0.0003634   0.02235       109       640    0.8802    0.8766    0.8821    0.6144   0.02556   0.01719  0.002664
   266/299     13.2G  0.009867   0.01156 0.0003895   0.02181        56       640    0.8621    0.8825    0.8872    0.6146   0.02531   0.01704  0.002171
   267/299     13.2G  0.009917    0.0112 0.0003594   0.02148       110       640    0.9271    0.8396    0.8919    0.6279   0.02493   0.01683  0.002438
   268/299     13.2G   0.01038    0.0123 0.0003838   0.02306       106       640    0.9362    0.8356    0.8879    0.6202   0.02494   0.01705  0.002411
   269/299     13.2G   0.01033   0.01199 0.0004275   0.02275       127       640    0.9624    0.8395    0.8859    0.6178   0.02494   0.01719  0.001904
   270/299     13.2G   0.00955   0.01178 0.0003416   0.02167        88       640    0.9601    0.8324    0.8897    0.6248   0.02502   0.01699  0.001867
   271/299     13.2G   0.01028   0.01175  0.000364   0.02239        74       640    0.8812    0.8769    0.8809    0.6239   0.02524   0.01723  0.001871
   272/299     13.2G  0.009717   0.01081 0.0003904   0.02092        75       640    0.8819    0.8724    0.8739    0.6144   0.02537   0.01768  0.001916
   273/299     13.2G   0.01012   0.01175 0.0003191   0.02219        61       640    0.8928    0.8726    0.8776    0.6203   0.02517   0.01728  0.001753
   274/299     13.2G   0.01044   0.01176 0.0003585   0.02256       107       640    0.8824    0.8743    0.8775    0.6172   0.02551   0.01748  0.001853
   275/299     13.2G   0.01028   0.01221 0.0003606   0.02286       109       640    0.8924    0.8798    0.8771    0.6013   0.02572    0.0179  0.002043
   276/299     13.2G  0.009838   0.01145 0.0003143    0.0216        94       640    0.8945    0.8375    0.8807    0.6038   0.02553   0.01737   0.00187
   277/299     13.2G    0.0101   0.01173 0.0003698   0.02219       161       640    0.8987    0.8257    0.8828    0.6097   0.02527   0.01739  0.001952
   278/299     13.2G  0.009905   0.01148 0.0003274   0.02171        93       640    0.8336    0.8889    0.8856    0.6173   0.02525   0.01724  0.002571
   279/299     13.2G  0.009626   0.01094 0.0003725   0.02094        89       640    0.9495    0.8322    0.8863    0.6051   0.02569   0.01768  0.002065
   280/299     13.2G  0.009907   0.01122 0.0004156   0.02154        94       640    0.9614    0.8358    0.8897    0.6234   0.02562   0.01747  0.001869
   281/299     13.2G  0.009934   0.01221 0.0004121   0.02256       169       640    0.9709    0.8204    0.8854    0.6055   0.02578    0.0175  0.001851
   282/299     13.2G  0.009638   0.01087 0.0003584   0.02087        59       640    0.9624    0.8252    0.8719    0.6061   0.02554    0.0174  0.001899
   283/299     13.2G  0.009821   0.01087 0.0004052    0.0211        95       640    0.9012    0.8389    0.8736     0.604   0.02548   0.01776  0.002082
   284/299     13.2G  0.009911   0.01112 0.0003342   0.02136        61       640    0.9533    0.8323    0.8843    0.6134   0.02546   0.01756  0.001974
   285/299     13.2G  0.009981   0.01127 0.0004197   0.02167        73       640     0.869    0.8814    0.8821    0.6072   0.02546   0.01769  0.001943
   286/299     13.2G  0.009895   0.01104 0.0004363   0.02137       103       640    0.8838    0.8785    0.8818    0.6092   0.02561   0.01759  0.002141
   287/299     13.2G  0.009714   0.01094 0.0003348   0.02099        77       640    0.9392    0.8382    0.8845    0.6185   0.02546   0.01773  0.001966
   288/299     13.2G  0.009441   0.01049 0.0002958   0.02023       105       640    0.9541    0.8323    0.8854    0.6134   0.02531   0.01794  0.001705
   289/299     13.2G  0.009926   0.01141  0.000336   0.02167        69       640     0.956    0.8339    0.8895    0.6106   0.02494   0.01801  0.001616
   290/299     13.2G  0.009689   0.01109 0.0003602   0.02114       142       640    0.9455     0.823    0.8861    0.6171   0.02495   0.01789  0.001686
   291/299     13.2G  0.009578   0.01039 0.0002737   0.02024        61       640    0.8911    0.8744    0.8895    0.6154    0.0251   0.01772  0.001647
   292/299     13.2G   0.01004   0.01191  0.000304   0.02225        72       640     0.946    0.8326    0.8868    0.6216   0.02555   0.01796  0.001682
   293/299     13.2G  0.009385   0.01074 0.0003221   0.02044       175       640    0.9509    0.8322    0.8889    0.6213    0.0256   0.01801  0.001668
   294/299     13.2G  0.009443   0.01138 0.0003552   0.02118        64       640    0.9575    0.8284    0.8895    0.6238   0.02523   0.01788  0.001622
   295/299     13.2G  0.009933   0.01151 0.0003418   0.02178        59       640    0.8837    0.8736    0.8933    0.6085   0.02516   0.01776   0.00167
   296/299     13.2G   0.01047   0.01165 0.0004727    0.0226       141       640    0.8877    0.8733    0.8763     0.602   0.02513   0.01803  0.001725
   297/299     13.2G  0.009549   0.01097 0.0003153   0.02083        67       640     0.885     0.876     0.881    0.6054   0.02486   0.01769  0.001868
   298/299     13.2G  0.009434   0.01087  0.000429   0.02073       132       640    0.8832    0.8751    0.8796    0.6024   0.02527   0.01817  0.002262
   299/299     13.2G  0.009641   0.01076 0.0003053    0.0207       107       640    0.9397    0.8362    0.8802    0.6043    0.0257   0.01833  0.002103
